// alignID alignOntime alignSitch alignPitch alignOnvel refID refOntime refSitch refPitch refOnvel
0	0.500000	G#4	68	78	0	0.750000	G#4	68	80	
1	0.819010	Bb4	70	75	1	1.000000	Bb4	70	80	
2	0.954427	G#4	68	77	2	1.125000	G#4	68	80	
3	1.088542	F#4	66	78	3	1.250000	F#4	66	80	
4	1.213542	G#4	68	73	4	1.375000	G#4	68	80	
5	1.342448	F5	77	83	5	1.500000	F5	77	80	
6	1.657552	C#5	73	83	6	1.750000	C#5	73	80	
7	1.972656	G#4	68	88	7	2.000000	G#4	68	80	
8	2.281250	F#4	66	77	8	2.250000	F#4	66	80	
9	2.391927	F4	65	74	9	2.375000	F4	65	80	
10	2.519531	F#4	66	87	10	2.500000	F#4	66	80	
11	2.820312	Eb5	75	78	11	2.750000	Eb5	75	80	
12	3.126302	F4	65	79	12	3.000000	F4	65	80	
13	3.424479	C#5	73	78	13	3.250000	C#5	73	80	
14	3.726562	Eb4	63	76	14	3.500000	Eb4	63	80	
15	4.023438	C5	72	72	15	3.750000	C5	72	80	
16	4.312500	C#4	61	77	16	4.000000	C#4	61	80	
17	4.611979	C#5	73	60	17	4.250000	C#5	73	80	
18	4.725260	C5	72	63	18	4.375000	C5	72	80	
19	4.871094	C#5	73	65	19	4.500000	C#5	73	80	
20	4.997396	Eb5	75	59	20	4.625000	Eb5	75	80	
21	5.131510	C#4	61	72	22	4.750000	C#4	61	80	
22	5.151042	F5	77	62	21	4.750000	F5	77	80	
23	5.269531	F#5	78	52	23	4.875000	F#5	78	80	
24	5.399740	G#5	80	59	24	5.000000	G#5	80	80	
25	5.404948	F4	65	72	25	5.000000	F4	65	80	
26	5.536458	Eb4	63	70	27	5.125000	Eb4	63	80	
27	5.536458	G5	79	60	26	5.125000	G5	79	80	
28	5.667969	C#4	61	67	29	5.250000	C#4	61	80	
29	5.678385	F5	77	65	28	5.250000	F5	77	80	
30	5.796875	Eb4	63	77	31	5.375000	Eb4	63	80	
31	5.812500	G5	79	51	30	5.375000	G5	79	80	
32	5.917969	G#5	80	63	32	5.500000	G#5	80	80	
33	5.940104	C5	72	79	33	5.500000	C5	72	80	
34	6.075521	F#5	78	54	34	5.625000	F#5	78	80	
35	6.225260	F5	77	59	35	5.750000	F5	77	80	
36	6.226562	G#4	68	80	36	5.750000	G#4	68	80	
37	6.339844	Eb5	75	59	37	5.875000	Eb5	75	80	
38	6.502604	F5	77	74	38	6.000000	F5	77	80	
39	6.510417	Eb4	63	78	39	6.000000	Eb4	63	80	
40	6.808594	C#4	61	67	40	6.250000	C#4	61	80	
41	6.936198	C4	60	70	41	6.375000	C4	60	80	
42	7.063802	C#4	61	78	42	6.500000	C#4	61	80	
43	7.207031	Eb5	75	51	43	6.625000	Eb5	75	80	
44	7.354167	Bb4	70	78	45	6.750000	Bb4	70	80	
45	7.371094	C#5	73	56	44	6.750000	C#5	73	80	
46	7.486979	F5	77	54	46	6.875000	F5	77	80	
47	7.627604	C4	60	73	48	7.000000	C4	60	80	
48	7.648438	Eb5	75	49	47	7.000000	Eb5	75	80	
49	7.744792	C#5	73	51	49	7.125000	C#5	73	80	
50	7.912760	G#4	68	76	51	7.250000	G#4	68	80	
51	7.938802	C5	72	50	50	7.250000	C5	72	80	
52	8.076823	Eb5	75	46	52	7.375000	Eb5	75	80	
53	8.199219	Bb3	58	70	54	7.500000	Bb3	58	80	
54	8.222656	C#5	73	49	53	7.500000	C#5	73	80	
55	8.342448	C5	72	52	55	7.625000	C5	72	80	
56	8.481771	G4	67	72	57	7.750000	G4	67	80	
57	8.484375	C#5	73	60	56	7.750000	C#5	73	80	
58	8.617188	Bb4	70	54	58	7.875000	Bb4	70	80	
59	8.739583	G#3	56	70	60	8.000000	G#3	56	80	
60	8.770833	Bb4	70	66	59	8.000000	Bb4	70	80	
61	8.882812	C5	72	66	61	8.125000	C5	72	80	
62	9.041667	G#4	68	64	63	8.250000	G#4	68	80	
63	9.148438	G4	67	66	64	8.375000	G4	67	80	
64	9.272135	G#4	68	78	66	8.500000	G#4	68	80	
65	9.292969	F#5	78	82	65	8.500000	F#5	78	80	
66	9.430990	Bb4	70	64	67	8.625000	Bb4	70	80	
67	9.552083	G#3	56	77	69	8.750000	G#3	56	80	
68	9.565104	C5	72	69	68	8.750000	C5	72	80	
69	9.696615	G#4	68	67	70	8.875000	G#4	68	80	
70	9.834635	Bb3	58	71	72	9.000000	Bb3	58	80	
71	9.842448	C#5	73	66	71	9.000000	C#5	73	80	
72	9.977865	G#3	56	69	74	9.125000	G#3	56	80	
73	9.977865	C5	72	69	73	9.125000	C5	72	80	
74	10.101562	F#3	54	65	76	9.250000	F#3	54	80	
75	10.104167	Bb4	70	73	75	9.250000	Bb4	70	80	
76	10.217448	G#3	56	76	78	9.375000	G#3	56	80	
77	10.234375	C5	72	66	77	9.375000	C5	72	80	
78	10.351562	F4	65	80	81	9.500000	F4	65	80	
79	10.361979	C#5	73	75	80	9.500000	C#5	73	80	
80	10.365885	F5	77	75	79	9.500000	F5	77	80	
81	10.497396	C5	72	53	82	9.625000	C5	72	80	
82	10.647135	Bb4	70	66	83	9.750000	Bb4	70	80	
83	10.675781	C#4	61	67	84	9.750000	C#4	61	80	
84	10.761719	G#4	68	66	85	9.875000	G#4	68	80	
85	10.906250	Bb4	70	78	86	10.000000	Bb4	70	80	
86	10.912760	G#3	56	81	87	10.000000	G#3	56	80	
87	11.238281	F#3	54	66	88	10.250000	F#3	54	80	
88	11.347656	F3	53	69	89	10.375000	F3	53	80	
89	11.467448	F#3	54	74	91	10.500000	F#3	54	80	
90	11.472656	Eb5	75	88	90	10.500000	Eb5	75	80	
91	11.622396	G#4	68	70	92	10.625000	G#4	68	80	
92	11.755208	F#4	66	71	93	10.750000	F#4	66	80	
93	11.761719	Eb4	63	72	94	10.750000	Eb4	63	80	
94	11.888021	Bb4	70	63	95	10.875000	Bb4	70	80	
95	12.029948	F3	53	70	97	11.000000	F3	53	80	
96	12.040365	G#4	68	71	96	11.000000	G#4	68	80	
97	12.171875	F#4	66	66	98	11.125000	F#4	66	80	
98	12.290365	C#4	61	68	101	11.250000	C#4	61	80	
99	12.308594	C#5	73	68	99	11.250000	C#5	73	80	
100	12.311198	F4	65	57	100	11.250000	F4	65	80	
101	12.423177	G#4	68	57	102	11.375000	G#4	68	80	
102	12.550781	Eb3	51	55	105	11.500000	Eb3	51	80	
103	12.558594	C5	72	66	103	11.500000	C5	72	80	
104	12.572917	F#4	66	74	104	11.500000	F#4	66	80	
105	12.694010	F4	65	61	106	11.625000	F4	65	80	
106	12.809896	C4	60	56	109	11.750000	C4	60	80	
107	12.811198	F#4	66	73	108	11.750000	F#4	66	80	
108	12.812500	Eb5	75	63	107	11.750000	Eb5	75	80	
109	12.933594	Eb4	63	74	110	11.875000	Eb4	63	80	
110	13.062500	C#3	49	61	112	12.000000	C#3	49	80	
111	13.080729	F4	65	74	111	12.000000	F4	65	80	
112	13.359375	C#4	61	66	114	12.250000	C#4	61	80	
113	13.375000	G#4	68	76	113	12.250000	G#4	68	80	
114	13.476562	C4	60	63	115	12.375000	C4	60	80	
115	13.614583	F5	77	94	116	12.500000	F5	77	80	
116	13.615885	C#4	61	73	117	12.500000	C#4	61	80	
117	13.769531	Eb4	63	65	118	12.625000	Eb4	63	80	
118	13.890625	G#4	68	80	119	12.750000	G#4	68	80	
119	13.891927	F4	65	61	120	12.750000	F4	65	80	
120	14.020833	C#4	61	58	121	12.875000	C#4	61	80	
121	14.174479	Bb3	58	61	123	13.000000	Bb3	58	80	
122	14.178385	C#5	73	84	122	13.000000	C#5	73	80	
123	14.308594	C4	60	70	124	13.125000	C4	60	80	
124	14.454427	C#4	61	69	126	13.250000	C#4	61	80	
125	14.458333	F5	77	74	125	13.250000	F5	77	80	
126	14.570312	Bb3	58	59	128	13.375000	Bb3	58	80	
127	14.579427	C#5	73	75	127	13.375000	C#5	73	80	
128	14.716146	G3	55	63	130	13.500000	G3	55	80	
129	14.720052	Bb4	70	71	129	13.500000	Bb4	70	80	
130	14.842448	G#3	56	66	131	13.625000	G#3	56	80	
131	14.986979	Bb3	58	63	133	13.750000	Bb3	58	80	
132	15.006510	C#5	73	68	132	13.750000	C#5	73	80	
133	15.117188	G3	55	58	135	13.875000	G3	55	80	
134	15.131510	Bb4	70	67	134	13.875000	Bb4	70	80	
135	15.246094	Eb4	63	73	136	14.000000	Eb4	63	80	
136	15.251302	C3	48	66	137	14.000000	C3	48	80	
137	15.552083	C4	60	49	139	14.250000	C4	60	80	
138	15.553385	Bb4	70	67	138	14.250000	Bb4	70	80	
139	15.667969	Bb3	58	47	140	14.375000	Bb3	58	80	
140	15.807292	C4	60	46	142	14.500000	C4	60	80	
141	15.828125	Eb5	75	78	141	14.500000	Eb5	75	80	
142	15.951823	C#4	61	44	143	14.625000	C#4	61	80	
143	16.088542	Eb4	63	54	145	14.750000	Eb4	63	80	
144	16.113281	G4	67	68	144	14.750000	G4	67	80	
145	16.226562	C4	60	47	146	14.875000	C4	60	80	
146	16.371094	G#3	56	57	148	15.000000	G#3	56	80	
147	16.388021	C5	72	75	147	15.000000	C5	72	80	
148	16.519531	Bb3	58	58	149	15.125000	Bb3	58	80	
149	16.662760	C4	60	53	151	15.250000	C4	60	80	
150	16.678385	Eb5	75	67	150	15.250000	Eb5	75	80	
151	16.790365	G#3	56	56	153	15.375000	G#3	56	80	
152	16.805990	C5	72	67	152	15.375000	C5	72	80	
153	16.941406	F3	53	59	155	15.500000	F3	53	80	
154	16.941406	G#4	68	59	154	15.500000	G#4	68	80	
155	17.084635	G3	55	49	156	15.625000	G3	55	80	
156	17.199219	G#3	56	61	158	15.750000	G#3	56	80	
157	17.223958	C5	72	57	157	15.750000	C5	72	80	
158	17.332031	G#4	68	61	159	15.875000	G#4	68	80	
159	17.352865	F3	53	45	160	15.875000	F3	53	80	
160	17.454427	Bb2	46	69	162	16.000000	Bb2	46	80	
161	17.460938	C#4	61	62	161	16.000000	C#4	61	80	
162	17.746094	G#4	68	64	163	16.250000	G#4	68	80	
163	17.753906	Bb3	58	52	164	16.250000	Bb3	58	80	
164	17.869792	G#3	56	56	165	16.375000	G#3	56	80	
165	18.024740	Bb3	58	55	167	16.500000	Bb3	58	80	
166	18.029948	C#5	73	74	166	16.500000	C#5	73	80	
167	18.158854	C4	60	55	168	16.625000	C4	60	80	
168	18.294271	C#4	61	63	170	16.750000	C#4	61	80	
169	18.308594	F4	65	71	169	16.750000	F4	65	80	
170	18.419271	Bb3	58	48	171	16.875000	Bb3	58	80	
171	18.572917	G3	55	49	173	17.000000	G3	55	80	
172	18.578125	Bb4	70	72	172	17.000000	Bb4	70	80	
173	18.707031	C5	72	72	174	17.125000	C5	72	80	
174	18.730469	G#3	56	42	175	17.125000	G#3	56	80	
175	18.835938	Bb3	58	62	177	17.250000	Bb3	58	80	
176	18.848958	C#5	73	78	176	17.250000	C#5	73	80	
177	18.964844	Bb4	70	79	178	17.375000	Bb4	70	80	
178	18.975260	G3	55	61	179	17.375000	G3	55	80	
179	19.110677	Eb3	51	57	181	17.500000	Eb3	51	80	
180	19.117188	Bb5	82	90	180	17.500000	Bb5	82	80	
181	19.247396	F3	53	61	183	17.625000	F3	53	80	
182	19.247396	C#5	73	79	182	17.625000	C#5	73	80	
183	19.365885	G3	55	50	185	17.750000	G3	55	80	
184	19.389323	Eb5	75	74	184	17.750000	Eb5	75	80	
185	19.477865	Eb3	51	56	187	17.875000	Eb3	51	80	
186	19.497396	Bb4	70	76	186	17.875000	Bb4	70	80	
187	19.622396	G#2	44	68	189	18.000000	G#2	44	80	
188	19.638021	C5	72	85	188	18.000000	C5	72	80	
189	19.774740	G#5	80	71	190	18.125000	G#5	80	80	
190	19.881510	G#3	56	71	192	18.250000	G#3	56	80	
191	19.898438	G5	79	76	191	18.250000	G5	79	80	
192	20.026042	Bb3	58	72	194	18.375000	Bb3	58	80	
193	20.033854	Bb5	82	77	193	18.375000	Bb5	82	80	
194	20.144531	C4	60	77	196	18.500000	C4	60	80	
195	20.175781	G#5	80	74	195	18.500000	G#5	80	80	
196	20.290365	Eb5	75	71	197	18.625000	Eb5	75	80	
197	20.421875	F5	77	72	198	18.750000	F5	77	80	
198	20.424479	G#4	68	80	199	18.750000	G#4	68	80	
199	20.432292	G#3	56	61	200	18.750000	G#3	56	80	
200	20.566406	F#5	78	73	201	18.875000	F#5	78	80	
201	20.687500	C#4	61	78	203	19.000000	C#4	61	80	
202	20.704427	F5	77	85	202	19.000000	F5	77	80	
203	20.825521	G4	67	68	205	19.125000	G4	67	80	
204	20.835938	Eb5	75	83	204	19.125000	Eb5	75	80	
205	20.972656	C#5	73	81	206	19.250000	C#5	73	80	
206	20.981771	F4	65	65	207	19.250000	F4	65	80	
207	21.113281	Eb5	75	77	208	19.375000	Eb5	75	80	
208	21.118490	G4	67	66	209	19.375000	G4	67	80	
209	21.231771	C6	84	85	210	19.500000	C6	84	80	
210	21.247396	G#4	68	75	211	19.500000	G#4	68	80	
211	21.299479	C4	60	49	212	19.500000	C4	60	80	
212	21.390625	F#4	66	59	213	19.625000	F#4	66	80	
213	21.524740	G#5	80	85	214	19.750000	G#5	80	80	
214	21.532552	F4	65	65	215	19.750000	F4	65	80	
215	21.644531	Eb4	63	74	216	19.875000	Eb4	63	80	
216	21.803385	Bb3	58	75	219	20.000000	Bb3	58	80	
217	21.807292	F4	65	79	218	20.000000	F4	65	80	
218	21.808594	Eb5	75	92	217	20.000000	Eb5	75	80	
219	22.096354	G#3	56	62	221	20.250000	G#3	56	80	
220	22.100260	C#5	73	77	220	20.250000	C#5	73	80	
221	22.227865	C5	72	70	222	20.375000	C5	72	80	
222	22.369792	G3	55	71	224	20.500000	G3	55	80	
223	22.369792	C#5	73	82	223	20.500000	C#5	73	80	
224	22.490885	Eb4	63	74	225	20.625000	Eb4	63	80	
225	22.644531	C#4	61	67	227	20.750000	C#4	61	80	
226	22.645833	Bb5	82	85	226	20.750000	Bb5	82	80	
227	22.757812	F4	65	61	228	20.875000	F4	65	80	
228	22.906250	Eb4	63	61	230	21.000000	Eb4	63	80	
229	22.908854	C5	72	77	229	21.000000	C5	72	80	
230	22.914062	G#3	56	54	231	21.000000	G#3	56	80	
231	23.029948	C#4	61	62	232	21.125000	C#4	61	80	
232	23.162760	C4	60	56	234	21.250000	C4	60	80	
233	23.183594	G#5	80	84	233	21.250000	G#5	80	80	
234	23.307292	Eb4	63	65	235	21.375000	Eb4	63	80	
235	23.449219	C#4	61	65	237	21.500000	C#4	61	80	
236	23.454427	Bb4	70	84	236	21.500000	Bb4	70	80	
237	23.477865	Eb3	51	61	238	21.500000	Eb3	51	80	
238	23.597656	C4	60	54	239	21.625000	C4	60	80	
239	23.717448	C#4	61	62	241	21.750000	C#4	61	80	
240	23.729167	G5	79	72	240	21.750000	G5	79	80	
241	23.841146	Bb3	58	69	242	21.875000	Bb3	58	80	
242	24.003906	G#4	68	75	243	22.000000	G#4	68	80	
243	24.007812	C4	60	70	244	22.000000	C4	60	80	
244	24.015625	G#3	56	55	245	22.000000	G#3	56	80	
245	24.128906	Bb4	70	69	246	22.125000	Bb4	70	80	
246	24.259115	G#3	56	2	*	-1	*	-1	-1	
247	24.268229	Eb4	63	69	248	22.250000	Eb4	63	80	
248	24.274740	C5	72	72	247	22.250000	C5	72	80	
249	24.410156	C#5	73	74	249	22.375000	C#5	73	80	
250	24.541667	C5	72	73	250	22.500000	C5	72	80	
251	24.552083	G#4	68	74	251	22.500000	G#4	68	80	
252	24.669271	Bb4	70	72	252	22.625000	Bb4	70	80	
253	24.795573	G#4	68	57	253	22.750000	G#4	68	80	
254	24.799479	Eb4	63	60	254	22.750000	Eb4	63	80	
255	24.886719	C4	60	58	256	22.875000	C4	60	80	
256	24.947917	C5	72	67	255	22.875000	C5	72	80	
257	25.052083	G#3	56	71	258	23.000000	G#3	56	80	
258	25.079427	F5	77	72	257	23.000000	F5	77	80	
259	25.229167	Eb5	75	66	259	23.125000	Eb5	75	80	
260	25.333333	B3	59	60	261	23.250000	B3	59	80	
261	25.350260	D5	74	69	260	23.250000	D5	74	80	
262	25.455729	G#3	56	59	263	23.375000	G#3	56	80	
263	25.468750	F5	77	72	262	23.375000	F5	77	80	
264	25.593750	G#5	80	73	264	23.500000	G#5	80	80	
265	25.595052	F3	53	66	265	23.500000	F3	53	80	
266	25.720052	F#5	78	76	266	23.625000	F#5	78	80	
267	25.832031	F5	77	69	267	23.750000	F5	77	80	
268	25.838542	G#3	56	60	268	23.750000	G#3	56	80	
269	25.946615	G#5	80	45	269	23.875000	G#5	80	80	
270	25.966146	F3	53	43	270	23.875000	F3	53	80	
271	25.981771	G5	79	34	*	-1	*	-1	-1	
272	26.065104	G#5	80	85	271	24.000000	G#5	80	80	
273	26.110677	Bb5	82	69	273	24.062500	Bb5	82	80	
274	26.114583	D3	50	52	272	24.000000	D3	50	80	
275	26.178385	B5	83	79	274	24.125000	B5	83	80	
276	26.410156	F3	53	60	276	24.250000	F3	53	80	
277	26.412760	Bb5	82	74	275	24.250000	Bb5	82	80	
278	26.541667	G#3	56	63	278	24.375000	G#3	56	80	
279	26.574219	G5	79	19	277	24.375000	G#5	80	80	
280	26.648438	B3	59	66	280	24.500000	B3	59	80	
281	26.671875	F#5	78	77	279	24.500000	F#5	78	80	
282	26.799479	F5	77	71	281	24.625000	F5	77	80	
283	26.936198	Eb5	75	67	282	24.750000	Eb5	75	80	
284	26.954427	F3	53	47	283	24.750000	F3	53	80	
285	27.058594	D5	74	67	284	24.875000	D5	74	80	
286	27.204427	Eb5	75	69	285	25.000000	Eb5	75	80	
287	27.208333	Bb3	58	62	286	25.000000	Bb3	58	80	
288	27.216146	F#3	54	58	287	25.000000	F#3	54	80	
289	27.341146	F#5	78	68	288	25.125000	F#5	78	80	
290	27.479167	F5	77	72	289	25.250000	F5	77	80	
291	27.480469	G#3	56	60	291	25.250000	G#3	56	80	
292	27.494792	B3	59	51	290	25.250000	B3	59	80	
293	27.601562	Eb5	75	70	292	25.375000	Eb5	75	80	
294	27.746094	Bb3	58	72	294	25.500000	Bb3	58	80	
295	27.746094	D5	74	71	293	25.500000	D5	74	80	
296	27.876302	F5	77	66	296	25.625000	F5	77	80	
297	28.031250	Bb2	46	67	299	25.750000	Bb2	46	80	
298	28.039062	Bb4	70	68	297	25.750000	Bb4	70	80	
299	28.054688	D3	50	51	298	25.750000	D3	50	80	
300	28.164062	G#4	68	60	300	25.875000	G#4	68	80	
301	28.319010	Eb2	39	54	303	26.000000	Eb2	39	80	
302	28.322917	Eb3	51	52	302	26.000000	Eb3	51	80	
303	28.322917	F#4	66	61	301	26.000000	F#4	66	80	
304	28.458333	F4	65	61	304	26.125000	F4	65	80	
305	28.597656	Eb4	63	65	305	26.250000	Eb4	63	80	
306	28.733073	D4	62	58	306	26.375000	D4	62	80	
307	28.871094	Eb4	63	64	307	26.500000	Eb4	63	80	
308	29.011719	F4	65	53	308	26.625000	F4	65	80	
309	29.114583	Eb3	51	59	310	26.750000	Eb3	51	80	
310	29.132812	F#4	66	52	309	26.750000	F#4	66	80	
311	29.270833	G#4	68	41	311	26.875000	G#4	68	80	
312	29.408854	F#3	54	53	313	27.000000	F#3	54	80	
313	29.414062	Bb4	70	51	312	27.000000	Bb4	70	80	
314	29.537760	G#4	68	48	314	27.125000	G#4	68	80	
315	29.544271	F3	53	55	315	27.125000	F3	53	80	
316	29.665365	F#4	66	53	316	27.250000	F#4	66	80	
317	29.687500	Eb3	51	53	317	27.250000	Eb3	51	80	
318	29.802083	F3	53	60	319	27.375000	F3	53	80	
319	29.803385	G#4	68	50	318	27.375000	G#4	68	80	
320	29.938802	C#4	61	75	321	27.500000	C#4	61	80	
321	29.954427	Bb4	70	56	320	27.500000	Bb4	70	80	
322	30.089844	G#4	68	46	322	27.625000	G#4	68	80	
323	30.221354	Bb3	58	70	324	27.750000	Bb3	58	80	
324	30.227865	F#4	66	54	323	27.750000	F#4	66	80	
325	30.356771	F4	65	54	325	27.875000	F4	65	80	
326	30.493490	F3	53	65	327	28.000000	F3	53	80	
327	30.509115	F#4	66	59	326	28.000000	F#4	66	80	
328	30.799479	Eb3	51	61	328	28.250000	Eb3	51	80	
329	30.938802	C#3	49	58	329	28.375000	C#3	49	80	
330	31.059896	Eb3	51	66	330	28.500000	Eb3	51	80	
331	31.190104	F4	65	49	331	28.625000	F4	65	80	
332	31.338542	Eb4	63	57	332	28.750000	Eb4	63	80	
333	31.345052	C4	60	61	333	28.750000	C4	60	80	
334	31.477865	F#4	66	53	334	28.875000	F#4	66	80	
335	31.615885	C#3	49	65	336	29.000000	C#3	49	80	
336	31.639323	F4	65	53	335	29.000000	F4	65	80	
337	31.755208	Eb4	63	53	337	29.125000	Eb4	63	80	
338	31.885417	Bb3	58	64	339	29.250000	Bb3	58	80	
339	31.903646	C#4	61	58	338	29.250000	C#4	61	80	
340	32.032552	F4	65	49	340	29.375000	F4	65	80	
341	32.180990	C3	48	70	342	29.500000	C3	48	80	
342	32.196615	Eb4	63	49	341	29.500000	Eb4	63	80	
343	32.312500	C#4	61	55	343	29.625000	C#4	61	80	
344	32.458333	A3	57	60	345	29.750000	A3	57	80	
345	32.479167	Eb4	63	58	344	29.750000	Eb4	63	80	
346	32.572917	C4	60	56	346	29.875000	C4	60	80	
347	32.733073	Bb2	46	68	348	30.000000	Bb2	46	80	
348	32.733073	C#4	61	68	347	30.000000	C#4	61	80	
349	32.865885	F4	65	67	349	30.125000	F4	65	80	
350	33.006510	F#4	66	71	350	30.250000	F#4	66	80	
351	33.014323	Bb3	58	64	351	30.250000	Bb3	58	80	
352	33.136719	F4	65	76	352	30.375000	F4	65	80	
353	33.152344	A3	57	53	353	30.375000	A3	57	80	
354	33.272135	C#5	73	89	354	30.500000	C#5	73	80	
355	33.286458	Bb3	58	65	355	30.500000	Bb3	58	80	
356	33.427083	C4	60	54	356	30.625000	C4	60	80	
357	33.548177	C#4	61	67	358	30.750000	C#4	61	80	
358	33.554688	F4	65	74	357	30.750000	F4	65	80	
359	33.677083	Bb3	58	49	359	30.875000	Bb3	58	80	
360	33.816406	G3	55	57	361	31.000000	G3	55	80	
361	33.841146	Bb4	70	76	360	31.000000	Bb4	70	80	
362	33.973958	C5	72	72	362	31.125000	C5	72	80	
363	33.988281	G#3	56	44	363	31.125000	G#3	56	80	
364	34.102865	Bb3	58	63	365	31.250000	Bb3	58	80	
365	34.117188	C#5	73	77	364	31.250000	C#5	73	80	
366	34.236979	Bb4	70	78	366	31.375000	Bb4	70	80	
367	34.242188	G3	55	56	367	31.375000	G3	55	80	
368	34.375000	Eb3	51	56	369	31.500000	Eb3	51	80	
369	34.376302	Bb5	82	89	368	31.500000	Bb5	82	80	
370	34.513021	F3	53	58	371	31.625000	F3	53	80	
371	34.514323	C#5	73	73	370	31.625000	C#5	73	80	
372	34.635417	G3	55	51	373	31.750000	G3	55	80	
373	34.644531	Eb5	75	75	372	31.750000	Eb5	75	80	
374	34.740885	Eb3	51	52	375	31.875000	Eb3	51	80	
375	34.755208	Bb4	70	73	374	31.875000	Bb4	70	80	
376	34.901042	G#2	44	62	377	32.000000	G#2	44	80	
377	34.907552	C5	72	76	376	32.000000	C5	72	80	
378	35.046875	Eb4	63	69	378	32.125000	Eb4	63	80	
379	35.174479	F4	65	72	379	32.250000	F4	65	80	
380	35.178385	G#3	56	59	380	32.250000	G#3	56	80	
381	35.309896	Eb4	63	68	381	32.375000	Eb4	63	80	
382	35.317708	G3	55	41	382	32.375000	G3	55	80	
383	35.446615	G#3	56	61	384	32.500000	G#3	56	80	
384	35.455729	C5	72	75	383	32.500000	C5	72	80	
385	35.583333	Bb3	58	57	385	32.625000	Bb3	58	80	
386	35.735677	Eb4	63	72	386	32.750000	Eb4	63	80	
387	35.743490	C4	60	50	387	32.750000	C4	60	80	
388	35.863281	G#3	56	45	388	32.875000	G#3	56	80	
389	36.016927	F3	53	51	390	33.000000	F3	53	80	
390	36.022135	G#4	68	71	389	33.000000	G#4	68	80	
391	36.147135	Bb4	70	68	391	33.125000	Bb4	70	80	
392	36.171875	G3	55	36	392	33.125000	G3	55	80	
393	36.261719	G#3	56	60	394	33.250000	G#3	56	80	
394	36.298177	C5	72	65	393	33.250000	C5	72	80	
395	36.394531	G#4	68	76	395	33.375000	G#4	68	80	
396	36.416667	F3	53	50	396	33.375000	F3	53	80	
397	36.544271	C#3	49	56	398	33.500000	C#3	49	80	
398	36.546875	G#5	80	83	397	33.500000	G#5	80	80	
399	36.682292	C5	72	63	399	33.625000	C5	72	80	
400	36.688802	Eb3	51	55	400	33.625000	Eb3	51	80	
401	36.805990	F3	53	46	402	33.750000	F3	53	80	
402	36.816406	C#5	73	71	401	33.750000	C#5	73	80	
403	36.902344	C#3	49	53	404	33.875000	C#3	49	80	
404	36.950521	G#4	68	60	403	33.875000	G#4	68	80	
405	37.076823	G2	43	53	406	34.000000	G2	43	80	
406	37.088542	Bb4	70	64	405	34.000000	Bb4	70	80	
407	37.220052	C#4	61	64	407	34.125000	C#4	61	80	
408	37.348958	G3	55	41	409	34.250000	G3	55	80	
409	37.355469	Eb4	63	55	408	34.250000	Eb4	63	80	
410	37.479167	C#4	61	58	410	34.375000	C#4	61	80	
411	37.483073	F3	53	42	411	34.375000	F3	53	80	
412	37.604167	G3	55	48	413	34.500000	G3	55	80	
413	37.634115	Bb4	70	67	412	34.500000	Bb4	70	80	
414	37.740885	G#3	56	42	414	34.625000	G#3	56	80	
415	37.878906	Bb3	58	51	416	34.750000	Bb3	58	80	
416	37.937500	C#4	61	60	415	34.750000	C#4	61	80	
417	38.035156	G3	55	41	417	34.875000	G3	55	80	
418	38.201823	E3	52	48	419	35.000000	E3	52	80	
419	38.210938	G4	67	64	418	35.000000	G4	67	80	
420	38.329427	G#4	68	66	420	35.125000	G#4	68	80	
421	38.342448	F3	53	50	421	35.125000	F3	53	80	
422	38.457031	G3	55	52	423	35.250000	G3	55	80	
423	38.459635	Bb4	70	73	422	35.250000	Bb4	70	80	
424	38.588542	E3	52	53	425	35.375000	E3	52	80	
425	38.588542	G4	67	68	424	35.375000	G4	67	80	
426	38.736979	C3	48	58	427	35.500000	C3	48	80	
427	38.736979	G5	79	80	426	35.500000	G5	79	80	
428	38.864583	Bb4	70	67	428	35.625000	Bb4	70	80	
429	38.876302	D3	50	43	429	35.625000	D3	50	80	
430	38.986979	E3	52	59	431	35.750000	E3	52	80	
431	39.007812	C5	72	68	430	35.750000	C5	72	80	
432	39.114583	G4	67	76	432	35.875000	G4	67	80	
433	39.130208	C3	48	60	433	35.875000	C3	48	80	
434	39.179688	G5	79	34	*	-1	*	-1	-1	
435	39.263021	F2	41	59	435	36.000000	F2	41	80	
436	39.273438	G#4	68	79	434	36.000000	G#4	68	80	
437	39.402344	G2	43	57	437	36.125000	G2	43	80	
438	39.406250	E5	76	71	436	36.125000	E5	76	80	
439	39.519531	G#2	44	64	439	36.250000	G#2	44	80	
440	39.535156	F5	77	73	438	36.250000	F5	77	80	
441	39.644531	Bb2	46	68	441	36.375000	Bb2	46	80	
442	39.658854	C#5	73	74	440	36.375000	C#5	73	80	
443	39.778646	C3	48	60	443	36.500000	C3	48	80	
444	39.799479	Bb4	70	79	442	36.500000	Bb4	70	80	
445	39.894531	D3	50	68	444	36.625000	D3	50	80	
446	40.045573	E3	52	71	446	36.750000	E3	52	80	
447	40.066406	C4	60	78	445	36.750000	C4	60	80	
448	40.179688	C3	48	56	447	36.875000	C3	48	80	
449	40.328125	F3	53	62	449	37.000000	F3	53	80	
450	40.343750	C#4	61	79	448	37.000000	C#4	61	80	
451	40.445312	Eb3	51	71	451	37.125000	Eb3	51	80	
452	40.447917	C4	60	75	450	37.125000	C4	60	80	
453	40.579427	C#3	49	74	453	37.250000	C#3	49	80	
454	40.582031	Bb3	58	79	452	37.250000	Bb3	58	80	
455	40.692708	C4	60	76	454	37.375000	C4	60	80	
456	40.713542	Eb3	51	75	455	37.375000	Eb3	51	80	
457	40.855469	G#4	68	90	456	37.500000	G#4	68	80	
458	40.863281	F3	53	67	458	37.500000	F3	53	80	
459	41.010417	Eb3	51	59	459	37.625000	Eb3	51	80	
460	41.135417	C#3	49	65	461	37.750000	C#3	49	80	
461	41.151042	F4	65	75	460	37.750000	F4	65	80	
462	41.277344	C3	48	62	462	37.875000	C3	48	80	
463	41.429688	C#3	49	74	464	38.000000	C#3	49	80	
464	41.444010	C4	60	83	463	38.000000	C4	60	80	
465	41.750000	Bb3	58	77	465	38.250000	Bb3	58	80	
466	41.850260	G#3	56	76	466	38.375000	G#3	56	80	
467	41.997396	Bb3	58	85	468	38.500000	Bb3	58	80	
468	42.108073	C3	48	53	469	38.625000	C3	48	80	
469	42.246094	Bb2	46	54	471	38.750000	Bb2	46	80	
470	42.276042	G4	67	79	470	38.750000	G4	67	80	
471	42.411458	C#3	49	51	472	38.875000	C#3	49	80	
472	42.554688	G#3	56	84	473	39.000000	G#3	56	80	
473	42.557292	C3	48	58	474	39.000000	C3	48	80	
474	42.674479	Bb2	46	55	475	39.125000	Bb2	46	80	
475	42.812500	G#2	44	60	478	39.250000	G#2	44	80	
476	42.824219	F4	65	79	476	39.250000	F4	65	80	
477	42.975260	C3	48	51	479	39.375000	C3	48	80	
478	43.121094	Bb2	46	62	482	39.500000	Bb2	46	80	
479	43.125000	G3	55	79	481	39.500000	G3	55	80	
480	43.260417	G#2	44	66	483	39.625000	G#2	44	80	
481	43.395833	Bb2	46	70	486	39.750000	Bb2	46	80	
482	43.407552	G4	67	73	484	39.750000	G4	67	80	
483	43.414062	E4	64	69	485	39.750000	E4	64	80	
484	43.529948	G2	43	62	487	39.875000	G2	43	80	
485	43.678385	G#2	44	68	490	40.000000	G#2	44	80	
486	43.684896	F3	53	77	489	40.000000	F3	53	80	
487	43.704427	C5	72	68	488	40.000000	C5	72	80	
488	43.838542	Bb4	70	58	491	40.125000	Bb4	70	80	
489	43.973958	G#4	68	61	492	40.250000	G#4	68	80	
490	43.989583	C#3	49	57	493	40.250000	C#3	49	80	
491	44.093750	C5	72	59	494	40.375000	C5	72	80	
492	44.255208	Bb4	70	61	495	40.500000	Bb4	70	80	
493	44.276042	G2	43	71	496	40.500000	G2	43	80	
494	44.378906	G#4	68	63	497	40.625000	G#4	68	80	
495	44.531250	G4	67	62	498	40.750000	G4	67	80	
496	44.550781	C3	48	68	500	40.750000	C3	48	80	
497	44.550781	E3	52	70	499	40.750000	E3	52	80	
498	44.667969	Bb4	70	58	501	40.875000	Bb4	70	80	
499	44.804688	G#4	68	63	502	41.000000	G#4	68	80	
500	44.819010	F3	53	75	503	41.000000	F3	53	80	
501	44.826823	F2	41	66	504	41.000000	F2	41	80	
502	44.950521	F4	65	62	505	41.125000	F4	65	80	
503	45.108073	E3	52	71	507	41.250000	E3	52	80	
504	45.111979	Bb2	46	65	508	41.250000	Bb2	46	80	
505	45.126302	C#5	73	66	506	41.250000	C#5	73	80	
506	45.239583	Bb4	70	63	509	41.375000	Bb4	70	80	
507	45.389323	C5	72	65	510	41.500000	C5	72	80	
508	45.391927	F3	53	71	511	41.500000	F3	53	80	
509	45.394531	G#2	44	70	512	41.500000	G#2	44	80	
510	45.506510	G#4	68	67	513	41.625000	G#4	68	80	
511	45.647135	Bb3	58	78	515	41.750000	Bb3	58	80	
512	45.657552	F#5	78	76	514	41.750000	F#5	78	80	
513	45.670573	C#3	49	47	516	41.750000	C#3	49	80	
514	45.783854	E5	76	69	517	41.875000	E5	76	80	
515	45.941406	G#3	56	74	519	42.000000	G#3	56	80	
516	45.951823	E5	76	70	518	42.000000	E5	76	80	
517	45.953125	C3	48	58	520	42.000000	C3	48	80	
518	46.074219	F5	77	74	521	42.125000	F5	77	80	
519	46.213542	G3	55	61	523	42.250000	G3	55	80	
520	46.221354	B5	83	69	522	42.250000	B5	83	80	
521	46.341146	F3	53	66	525	42.375000	F3	53	80	
522	46.361979	C6	84	67	524	42.375000	C6	84	80	
523	46.472656	F5	77	77	*	-1	*	-1	-1	
524	46.483073	G3	55	70	527	42.500000	G3	55	80	
525	46.527344	E5	76	68	526	42.500000	E5	76	80	
526	46.579427	F5	77	65	*	-1	*	-1	-1	
527	46.652344	E5	76	56	*	-1	*	-1	-1	
528	46.763021	Bb3	58	62	528	42.750000	Bb3	58	80	
529	46.884115	F5	77	75	529	42.875000	F5	77	80	
530	47.048177	F5	77	85	530	43.000000	F5	77	80	
531	47.055990	G#3	56	60	531	43.000000	G#3	56	80	
532	47.067708	F3	53	42	532	43.000000	F3	53	80	
533	47.210938	Bb3	58	64	533	43.125000	Bb3	58	80	
534	47.227865	F3	53	12	*	-1	*	-1	-1	
535	47.363281	C4	60	63	534	43.250000	C4	60	80	
536	47.467448	G#3	56	66	535	43.375000	G#3	56	80	
537	47.600260	F3	53	66	536	43.500000	F3	53	80	
538	47.726562	F#3	54	62	537	43.625000	F#3	54	80	
539	47.854167	F5	77	85	538	43.750000	F5	77	80	
540	47.867188	G#3	56	62	539	43.750000	G#3	56	80	
541	48.010417	F3	53	50	540	43.875000	F3	53	80	
542	48.132812	B4	71	83	541	44.000000	B4	71	80	
543	48.144531	D3	50	52	542	44.000000	D3	50	80	
544	48.251302	Eb3	51	61	544	44.125000	Eb3	51	80	
545	48.252604	Bb4	70	80	543	44.125000	Bb4	70	80	
546	48.384115	G#4	68	81	545	44.250000	G#4	68	80	
547	48.390625	F3	53	60	546	44.250000	F3	53	80	
548	48.502604	D3	50	63	548	44.375000	D3	50	80	
549	48.506510	Bb4	70	84	547	44.375000	Bb4	70	80	
550	48.651042	Bb2	46	69	550	44.500000	Bb2	46	80	
551	48.651042	F5	77	79	549	44.500000	F5	77	80	
552	48.768229	D3	50	55	551	44.625000	D3	50	80	
553	48.906250	F3	53	54	553	44.750000	F3	53	80	
554	48.945312	D5	74	82	552	44.750000	D5	74	80	
555	49.059896	Bb3	58	58	554	44.875000	Bb3	58	80	
556	49.207031	G#4	68	79	555	45.000000	G#4	68	80	
557	49.227865	Eb3	51	52	556	45.000000	Eb3	51	80	
558	49.350260	F#3	54	51	557	45.125000	F#3	54	80	
559	49.490885	F#4	66	76	558	45.250000	F#4	66	80	
560	49.494792	Bb3	58	58	559	45.250000	Bb3	58	80	
561	49.610677	F4	65	71	560	45.375000	F4	65	80	
562	49.621094	D4	62	59	561	45.375000	D4	62	80	
563	49.740885	F#4	66	74	562	45.500000	F#4	66	80	
564	49.757812	Eb4	63	56	563	45.500000	Eb4	63	80	
565	49.893229	F4	65	52	564	45.625000	F4	65	80	
566	50.024740	Eb5	75	58	565	45.750000	Eb5	75	80	
567	50.033854	F#4	66	60	566	45.750000	F#4	66	80	
568	50.162760	Eb4	63	52	567	45.875000	Eb4	63	80	
569	50.296875	A4	69	61	568	46.000000	A4	69	80	
570	50.307292	C4	60	49	569	46.000000	C4	60	80	
571	50.427083	G#4	68	64	570	46.125000	G#4	68	80	
572	50.433594	C#4	61	53	571	46.125000	C#4	61	80	
573	50.557292	F#4	66	61	572	46.250000	F#4	66	80	
574	50.576823	Eb4	63	50	573	46.250000	Eb4	63	80	
575	50.683594	G#4	68	64	574	46.375000	G#4	68	80	
576	50.704427	C4	60	47	575	46.375000	C4	60	80	
577	50.832031	G#3	56	53	577	46.500000	G#3	56	80	
578	50.832031	Eb5	75	68	576	46.500000	Eb5	75	80	
579	50.950521	G#2	44	60	578	46.625000	G#2	44	80	
580	51.102865	Bb2	46	55	580	46.750000	Bb2	46	80	
581	51.121094	C5	72	65	579	46.750000	C5	72	80	
582	51.239583	C3	48	56	581	46.875000	C3	48	80	
583	51.381510	F#4	66	76	582	47.000000	F#4	66	80	
584	51.391927	C#3	49	57	583	47.000000	C#3	49	80	
585	51.509115	G#3	56	67	584	47.125000	G#3	56	80	
586	51.643229	Bb3	58	69	586	47.250000	Bb3	58	80	
587	51.652344	F4	65	72	585	47.250000	F4	65	80	
588	51.757812	Eb4	63	64	587	47.375000	Eb4	63	80	
589	51.803385	C4	60	62	588	47.375000	C4	60	80	
590	51.911458	F4	65	73	589	47.500000	F4	65	80	
591	51.924479	C#4	61	63	590	47.500000	C#4	61	80	
592	52.065104	Eb3	51	55	592	47.625000	Eb3	51	80	
593	52.067708	G#4	68	85	591	47.625000	G#4	68	80	
594	52.174479	F3	53	65	594	47.750000	F3	53	80	
595	52.204427	C#5	73	69	593	47.750000	C#5	73	80	
596	52.311198	G3	55	65	596	47.875000	G3	55	80	
597	52.333333	Eb5	75	75	595	47.875000	Eb5	75	80	
598	52.457031	G#3	56	70	598	48.000000	G#3	56	80	
599	52.462240	F5	77	81	597	48.000000	F5	77	80	
600	52.588542	Eb5	75	77	599	48.125000	Eb5	75	80	
601	52.592448	G3	55	57	600	48.125000	G3	55	80	
602	52.716146	F3	53	62	602	48.250000	F3	53	80	
603	52.718750	C#5	73	73	601	48.250000	C#5	73	80	
604	52.854167	G3	55	68	604	48.375000	G3	55	80	
605	52.854167	Eb5	75	73	603	48.375000	Eb5	75	80	
606	53.003906	C6	84	84	605	48.500000	C6	84	80	
607	53.006510	C5	72	82	606	48.500000	C5	72	80	
608	53.010417	G#3	56	67	607	48.500000	G#3	56	80	
609	53.136719	F#3	54	62	608	48.625000	G3	55	80	
610	53.286458	G#5	80	79	609	48.750000	G#5	80	80	
611	53.287760	F3	53	62	610	48.750000	F3	53	80	
612	53.412760	Eb3	51	68	611	48.875000	Eb3	51	80	
613	53.553385	F3	53	74	613	49.000000	F3	53	80	
614	53.561198	Eb5	75	87	612	49.000000	Eb5	75	80	
615	53.841146	C#5	73	76	614	49.250000	C#5	73	80	
616	53.988281	C5	72	73	615	49.375000	C5	72	80	
617	54.113281	Bb4	70	82	617	49.500000	Bb4	70	80	
618	54.115885	C#5	73	82	616	49.500000	C#5	73	80	
619	54.223958	Eb3	51	59	618	49.625000	Eb3	51	80	
620	54.371094	C#3	49	58	620	49.750000	C#3	49	80	
621	54.394531	Bb5	82	85	619	49.750000	Bb5	82	80	
622	54.494792	F3	53	55	621	49.875000	F3	53	80	
623	54.645833	Eb3	51	50	623	50.000000	Eb3	51	80	
624	54.664062	C5	72	82	622	50.000000	C5	72	80	
625	54.746094	C#3	49	60	624	50.125000	C#3	49	80	
626	54.927083	C3	48	55	627	50.250000	C3	48	80	
627	54.955729	G#5	80	85	625	50.250000	G#5	80	80	
628	54.959635	G#4	68	84	626	50.250000	G#4	68	80	
629	55.080729	Eb3	51	55	628	50.375000	Eb3	51	80	
630	55.231771	C#3	49	63	631	50.500000	C#3	49	80	
631	55.235677	G4	67	79	630	50.500000	G4	67	80	
632	55.243490	Bb4	70	76	629	50.500000	Bb4	70	80	
633	55.363281	C3	48	58	632	50.625000	C3	48	80	
634	55.501302	C#3	49	64	635	50.750000	Bb2	46	80	
635	55.514323	G5	79	78	633	50.750000	G5	79	80	
636	55.518229	Bb4	70	87	634	50.750000	Bb4	70	80	
637	55.613281	Bb2	46	64	636	50.875000	C#3	49	80	
638	55.776042	C3	48	67	639	51.000000	C3	48	80	
639	55.792969	Eb4	63	68	638	51.000000	Eb4	63	80	
640	55.802083	G#4	68	65	637	51.000000	G#4	68	80	
641	55.938802	Eb4	63	65	640	51.125000	Eb4	63	80	
642	56.061198	Eb3	51	63	642	51.250000	Eb3	51	80	
643	56.088542	F4	65	60	641	51.250000	F4	65	80	
644	56.201823	G4	67	49	643	51.375000	G4	67	80	
645	56.330729	F#3	54	72	645	51.500000	F#3	54	80	
646	56.356771	G#4	68	39	644	51.500000	G#4	68	80	
647	56.470052	Bb4	70	50	646	51.625000	Bb4	70	80	
648	56.615885	G#3	56	65	648	51.750000	G#3	56	80	
649	56.643229	C5	72	49	647	51.750000	C5	72	80	
650	56.772135	G#4	68	45	649	51.875000	G#4	68	80	
651	56.910156	Bb3	58	73	651	52.000000	Bb3	58	80	
652	56.946615	C#5	73	54	650	52.000000	C#5	73	80	
653	57.044271	G#3	56	74	653	52.125000	G#3	56	80	
654	57.074219	C5	72	47	652	52.125000	C5	72	80	
655	57.174479	F#3	54	70	655	52.250000	F#3	54	80	
656	57.192708	Bb4	70	56	654	52.250000	Bb4	70	80	
657	57.279948	G#3	56	76	657	52.375000	G#3	56	80	
658	57.321615	C5	72	60	656	52.375000	C5	72	80	
659	57.462240	F3	53	74	659	52.500000	F3	53	80	
660	57.463542	F4	65	81	660	52.500000	F4	65	80	
661	57.476562	C#5	73	67	658	52.500000	C#5	73	80	
662	57.641927	C5	72	47	661	52.625000	C5	72	80	
663	57.765625	C#4	61	74	663	52.750000	C#4	61	80	
664	57.769531	Bb4	70	56	662	52.750000	Bb4	70	80	
665	57.878906	G#4	68	57	664	52.875000	G#4	68	80	
666	58.049479	Bb4	70	73	665	53.000000	Bb4	70	80	
667	58.058594	G#3	56	74	666	53.000000	G#3	56	80	
668	58.355469	F#3	54	66	667	53.250000	F#3	54	80	
669	58.509115	F3	53	31	668	53.375000	F3	53	80	
670	58.520833	E3	52	32	*	-1	*	-1	-1	
671	58.617188	F#3	54	68	669	53.500000	F#3	54	80	
672	58.621094	Eb3	51	57	670	53.500000	Eb3	51	80	
673	58.789062	G#4	68	45	671	53.625000	G#4	68	80	
674	58.897135	Eb4	63	75	673	53.750000	Eb4	63	80	
675	58.901042	F#4	66	66	672	53.750000	F#4	66	80	
676	59.052083	Bb4	70	57	674	53.875000	Bb4	70	80	
677	59.175781	F3	53	77	676	54.000000	F3	53	80	
678	59.190104	G#4	68	65	675	54.000000	G#4	68	80	
679	59.294271	F#4	66	60	677	54.125000	F#4	66	80	
680	59.455729	C#4	61	76	679	54.250000	C#4	61	80	
681	59.460938	F4	65	61	678	54.250000	F4	65	80	
682	59.479167	C#3	49	45	680	54.250000	C#3	49	80	
683	59.575521	G#4	68	58	681	54.375000	G#4	68	80	
684	59.736979	F#4	66	63	682	54.500000	F#4	66	80	
685	59.739583	Eb3	51	69	683	54.500000	Eb3	51	80	
686	59.848958	F4	65	60	685	54.625000	F4	65	80	
687	60.003906	G#2	44	71	688	54.750000	G#2	44	80	
688	60.018229	Eb4	63	64	686	54.750000	Eb4	63	80	
689	60.023438	C4	60	65	687	54.750000	C4	60	80	
690	60.154948	F#4	66	58	689	54.875000	F#4	66	80	
691	60.295573	C#3	49	60	692	55.000000	C#3	49	80	
692	60.295573	F4	65	65	690	55.000000	F4	65	80	
693	60.311198	C#4	61	62	691	55.000000	C#4	61	80	
694	60.416667	Eb3	51	56	693	55.125000	Eb3	51	80	
695	60.585938	G#4	68	68	694	55.250000	G#4	68	80	
696	60.588542	F3	53	27	695	55.250000	F3	53	80	
697	60.713542	F#3	54	52	696	55.375000	F#3	54	80	
698	60.863281	F3	53	48	698	55.500000	F3	53	80	
699	60.878906	C#5	73	81	697	55.500000	C#5	73	80	
700	61.020833	Eb3	51	42	699	55.625000	Eb3	51	80	
701	61.156250	C#3	49	53	701	55.750000	C#3	49	80	
702	61.170573	G#5	80	71	700	55.750000	G#5	80	80	
703	61.289062	F5	77	76	702	55.875000	F5	77	80	
704	61.315104	F3	53	55	703	55.875000	F3	53	80	
705	61.434896	C#5	73	75	704	56.000000	C#5	73	80	
706	61.450521	Bb3	58	69	705	56.000000	Bb3	58	80	
707	61.576823	G#3	56	66	706	56.125000	G#3	56	80	
708	61.713542	E5	76	71	707	56.250000	E5	76	80	
709	61.721354	G3	55	71	708	56.250000	G3	55	80	
710	61.851562	C#5	73	72	709	56.375000	C#5	73	80	
711	61.855469	Bb3	58	79	710	56.375000	Bb3	58	80	
712	61.998698	Bb4	70	73	711	56.500000	Bb4	70	80	
713	62.000000	C#4	61	79	712	56.500000	C#4	61	80	
714	62.128906	B3	59	76	713	56.625000	B3	59	80	
715	62.247396	Bb3	58	70	715	56.750000	Bb3	58	80	
716	62.281250	C#5	73	68	714	56.750000	C#5	73	80	
717	62.423177	C#4	61	75	717	56.875000	C#4	61	80	
718	62.432292	Bb4	70	73	716	56.875000	Bb4	70	80	
719	62.476562	Eb4	63	75	*	-1	*	-1	-1	
720	62.536458	E4	64	75	719	57.000000	E4	64	80	
721	62.536458	G4	67	83	718	57.000000	G4	67	80	
722	62.837240	Bb4	70	71	720	57.250000	Bb4	70	80	
723	62.848958	Eb4	63	63	721	57.250000	Eb4	63	80	
724	62.973958	C#4	61	68	723	57.375000	C#4	61	80	
725	62.973958	C#5	73	71	722	57.375000	C#5	73	80	
726	63.102865	E5	76	75	724	57.500000	E5	76	80	
727	63.123698	B3	59	68	725	57.500000	B3	59	80	
728	63.264323	Bb3	58	56	726	57.625000	Bb3	58	80	
729	63.380208	G#3	56	59	728	57.750000	G#3	56	80	
730	63.402344	C#5	73	67	727	57.750000	C#5	73	80	
731	63.535156	G3	55	47	729	57.875000	G3	55	80	
732	63.661458	G#3	56	61	732	58.000000	G#3	56	80	
733	63.666667	B4	71	68	731	58.000000	B4	71	80	
734	63.678385	D5	74	53	730	58.000000	Eb5	75	80	
735	63.802083	B3	59	54	733	58.125000	B3	59	80	
736	63.951823	G#5	80	71	734	58.250000	G#5	80	80	
737	63.955729	Bb3	58	57	735	58.250000	Bb3	58	80	
738	64.072917	G#3	56	59	736	58.375000	G#3	56	80	
739	64.235677	Bb4	70	69	738	58.500000	Bb4	70	80	
740	64.236979	C#5	73	62	737	58.500000	C#5	73	80	
741	64.239583	G3	55	57	739	58.500000	G3	55	80	
742	64.390625	F3	53	53	740	58.625000	F3	53	80	
743	64.515625	Eb3	51	49	742	58.750000	Eb3	51	80	
744	64.537760	G5	79	64	741	58.750000	G5	79	80	
745	64.653646	C#3	49	50	743	58.875000	C#3	49	80	
746	64.800781	B2	47	57	746	59.000000	B2	47	80	
747	64.809896	G#4	68	77	744	59.000000	G#4	68	80	
748	64.985677	C#3	49	20	747	59.125000	C#3	49	80	
749	65.084635	Eb3	51	62	749	59.250000	Eb3	51	80	
750	65.087240	G#5	80	73	748	59.250000	G#5	80	80	
751	65.205729	G5	79	80	750	59.375000	G5	79	80	
752	65.226562	B2	47	60	751	59.375000	B2	47	80	
753	65.341146	G#5	80	84	752	59.500000	G#5	80	80	
754	65.350260	G#2	44	71	753	59.500000	G#2	44	80	
755	65.460938	Bb5	82	83	754	59.625000	Bb5	82	80	
756	65.609375	B5	83	75	755	59.750000	B5	83	80	
757	65.613281	G#3	56	69	756	59.750000	G#3	56	80	
758	65.736979	G#5	80	80	757	59.875000	G#5	80	80	
759	65.742188	F3	53	60	758	59.875000	F3	53	80	
760	65.869792	C#3	49	76	760	60.000000	C#3	49	80	
761	65.873698	F5	77	82	759	60.000000	F5	77	80	
762	66.007812	F#5	78	80	761	60.125000	F#5	78	80	
763	66.151042	G#5	80	82	762	60.250000	G#5	80	80	
764	66.166667	B3	59	62	763	60.250000	B3	59	80	
765	66.266927	F5	77	79	764	60.375000	F5	77	80	
766	66.282552	G#3	56	61	765	60.375000	G#3	56	80	
767	66.419271	C#5	73	77	766	60.500000	C#5	73	80	
768	66.420573	F3	53	72	767	60.500000	F3	53	80	
769	66.552083	Eb5	75	71	768	60.625000	Eb5	75	80	
770	66.708333	C#3	49	63	770	60.750000	C#3	49	80	
771	66.712240	F5	77	78	769	60.750000	F5	77	80	
772	66.828125	C#5	73	77	771	60.875000	C#5	73	80	
773	66.835938	Bb2	46	57	772	60.875000	Bb2	46	80	
774	66.976562	Bb4	70	76	773	61.000000	Bb4	70	80	
775	66.981771	F#2	42	61	774	61.000000	F#2	42	80	
776	67.106771	C5	72	69	775	61.125000	C5	72	80	
777	67.248698	Bb3	58	54	777	61.250000	Bb3	58	80	
778	67.252604	C#5	73	74	776	61.250000	C#5	73	80	
779	67.369792	F#3	54	47	779	61.375000	F#3	54	80	
780	67.388021	Bb4	70	67	778	61.375000	Bb4	70	80	
781	67.506510	Eb3	51	59	781	61.500000	Eb3	51	80	
782	67.522135	F#5	78	72	780	61.500000	F#5	78	80	
783	67.654948	G#5	80	74	782	61.625000	G#5	80	80	
784	67.786458	F#3	54	47	784	61.750000	F#3	54	80	
785	67.795573	Bb5	82	71	783	61.750000	Bb5	82	80	
786	67.912760	Eb3	51	46	786	61.875000	Eb3	51	80	
787	67.928385	F#5	78	68	785	61.875000	F#5	78	80	
788	68.049479	C3	48	64	788	62.000000	C3	48	80	
789	68.075521	Eb5	75	67	787	62.000000	Eb5	75	80	
790	68.201823	F5	77	70	789	62.125000	F5	77	80	
791	68.332031	Bb3	58	51	791	62.250000	Bb3	58	80	
792	68.332031	F#5	78	69	790	62.250000	F#5	78	80	
793	68.454427	F#3	54	48	793	62.375000	F#3	54	80	
794	68.471354	Eb5	75	61	792	62.375000	Eb5	75	80	
795	68.600260	Eb3	51	51	795	62.500000	Eb3	51	80	
796	68.605469	C5	72	62	794	62.500000	C5	72	80	
797	68.730469	C#5	73	59	796	62.625000	C#5	73	80	
798	68.880208	Eb5	75	63	797	62.750000	Eb5	75	80	
799	68.881510	C3	48	35	798	62.750000	C3	48	80	
800	69.006510	G#2	44	43	800	62.875000	G#2	44	80	
801	69.010417	C5	72	60	799	62.875000	C5	72	80	
802	69.130208	F2	41	55	802	63.000000	F2	41	80	
803	69.143229	G#4	68	59	801	63.000000	G#4	68	80	
804	69.268229	Bb4	70	58	803	63.125000	Bb4	70	80	
805	69.410156	G#3	56	55	805	63.250000	G#3	56	80	
806	69.424479	C5	72	49	804	63.250000	C5	72	80	
807	69.524740	F3	53	54	807	63.375000	F3	53	80	
808	69.528646	G#4	68	54	806	63.375000	G#4	68	80	
809	69.665365	D3	50	53	809	63.500000	D3	50	80	
810	69.670573	F5	77	60	808	63.500000	F5	77	80	
811	69.776042	F#5	78	64	810	63.625000	F#5	78	80	
812	69.934896	F3	53	48	812	63.750000	F3	53	80	
813	69.940104	G#5	80	64	811	63.750000	G#5	80	80	
814	70.061198	F5	77	63	813	63.875000	F5	77	80	
815	70.080729	D3	50	45	814	63.875000	D3	50	80	
816	70.195312	Bb2	46	54	816	64.000000	Bb2	46	80	
817	70.209635	D5	74	57	815	64.000000	D5	74	80	
818	70.337240	Eb5	75	57	817	64.125000	Eb5	75	80	
819	70.460938	G#3	56	55	819	64.250000	G#3	56	80	
820	70.470052	F5	77	62	818	64.250000	F5	77	80	
821	70.574219	F3	53	56	821	64.375000	F3	53	80	
822	70.593750	D5	74	54	820	64.375000	D5	74	80	
823	70.730469	Bb4	70	57	822	64.500000	Bb4	70	80	
824	70.731771	D3	50	58	823	64.500000	D3	50	80	
825	70.877604	C5	72	48	824	64.625000	C5	72	80	
826	71.009115	D5	74	60	825	64.750000	D5	74	80	
827	71.014323	Bb2	46	52	826	64.750000	Bb2	46	80	
828	71.119792	F#2	42	49	828	64.875000	F#2	42	80	
829	71.136719	Bb4	70	60	827	64.875000	Bb4	70	80	
830	71.239583	Eb2	39	56	830	65.000000	Eb2	39	80	
831	71.269531	F#4	66	60	829	65.000000	F#4	66	80	
832	71.391927	G#4	68	58	831	65.125000	G#4	68	80	
833	71.536458	Bb4	70	63	832	65.250000	Bb4	70	80	
834	71.549479	F#3	54	42	833	65.250000	F#3	54	80	
835	71.652344	Eb3	51	42	835	65.375000	Eb3	51	80	
836	71.665365	F#4	66	56	834	65.375000	F#4	66	80	
837	71.796875	C3	48	58	837	65.500000	C3	48	80	
838	71.815104	Eb5	75	57	836	65.500000	Eb5	75	80	
839	71.958333	F5	77	60	838	65.625000	F5	77	80	
840	72.078125	Eb3	51	47	840	65.750000	Eb3	51	80	
841	72.098958	F#5	78	65	839	65.750000	F#5	78	80	
842	72.217448	C3	48	44	842	65.875000	C3	48	80	
843	72.227865	Eb5	75	50	841	65.875000	Eb5	75	80	
844	72.345052	G#2	44	63	844	66.000000	G#2	44	80	
845	72.373698	C5	72	57	843	66.000000	C5	72	80	
846	72.486979	C#5	73	59	845	66.125000	C#5	73	80	
847	72.627604	F#3	54	55	847	66.250000	F#3	54	80	
848	72.652344	Eb5	75	60	846	66.250000	Eb5	75	80	
849	72.743490	Eb3	51	49	849	66.375000	Eb3	51	80	
850	72.763021	C5	72	56	848	66.375000	C5	72	80	
851	72.877604	C3	48	65	851	66.500000	C3	48	80	
852	72.897135	G#4	68	62	850	66.500000	G#4	68	80	
853	73.033854	Bb4	70	63	852	66.625000	Bb4	70	80	
854	73.166667	G#2	44	60	854	66.750000	G#2	44	80	
855	73.170573	C5	72	70	853	66.750000	C5	72	80	
856	73.286458	F2	41	65	856	66.875000	F2	41	80	
857	73.303385	G#4	68	69	855	66.875000	G#4	68	80	
858	73.436198	C#2	37	77	858	67.000000	C#2	37	80	
859	73.449219	F4	65	75	857	67.000000	F4	65	80	
860	73.570312	F#4	66	76	859	67.125000	F#4	66	80	
861	73.712240	G#4	68	75	860	67.250000	G#4	68	80	
862	73.854167	F4	65	74	861	67.375000	F4	65	80	
863	74.011719	C#4	61	74	862	67.500000	C#4	61	80	
864	74.147135	F4	65	76	863	67.625000	F4	65	80	
865	74.274740	G#4	68	76	864	67.750000	G#4	68	80	
866	74.398438	Bb4	70	78	865	67.875000	Bb4	70	80	
867	74.548177	B4	71	74	866	68.000000	B4	71	80	
868	74.673177	Bb4	70	68	867	68.125000	Bb4	70	80	
869	74.804688	B3	59	57	869	68.250000	B3	59	80	
870	74.807292	G#4	68	74	868	68.250000	G#4	68	80	
871	74.936198	C#3	49	65	871	68.375000	C#3	49	80	
872	74.941406	Bb4	70	78	870	68.375000	Bb4	70	80	
873	75.084635	F#5	78	80	872	68.500000	F#5	78	80	
874	75.085938	Bb3	58	72	873	68.500000	Bb3	58	80	
875	75.201823	C#3	49	67	874	68.625000	C#3	49	80	
876	75.360677	G#3	56	66	876	68.750000	G#3	56	80	
877	75.391927	C5	72	68	875	68.750000	C#5	73	80	
878	75.496094	C#3	49	68	877	68.875000	C#3	49	80	
879	75.645833	F#3	54	67	879	69.000000	F#3	54	80	
880	75.652344	Bb4	70	78	878	69.000000	Bb4	70	80	
881	75.756510	A4	69	52	*	-1	*	-1	-1	
882	75.770833	C#3	49	72	880	69.125000	C#3	49	80	
883	75.946615	F3	53	68	882	69.250000	F3	53	80	
884	75.954427	G#4	68	71	881	69.250000	G#4	68	80	
885	76.071615	F#4	66	75	883	69.375000	F#4	66	80	
886	76.074219	Eb3	51	64	884	69.375000	C#3	49	80	
887	76.204427	G#4	68	80	885	69.500000	G#4	68	80	
888	76.212240	F3	53	74	886	69.500000	F3	53	80	
889	76.330729	C#4	61	71	887	69.625000	C#4	61	80	
890	76.472656	G#2	44	67	889	69.750000	G#2	44	80	
891	76.492188	F4	65	64	888	69.750000	F4	65	80	
892	76.592448	G#4	68	68	890	69.875000	G#4	68	80	
893	76.760417	Bb4	70	68	891	70.000000	Bb4	70	80	
894	76.885417	G#4	68	61	892	70.125000	G#4	68	80	
895	77.018229	Bb3	58	50	894	70.250000	Bb3	58	80	
896	77.024740	F#4	66	62	893	70.250000	F#4	66	80	
897	77.135417	C#3	49	52	896	70.375000	C#3	49	80	
898	77.164062	G#4	68	67	895	70.375000	G#4	68	80	
899	77.294271	G#3	56	61	898	70.500000	G#3	56	80	
900	77.296875	F5	77	73	897	70.500000	F5	77	80	
901	77.410156	C#3	49	58	899	70.625000	C#3	49	80	
902	77.579427	F#3	54	54	901	70.750000	F#3	54	80	
903	77.582031	C#5	73	75	900	70.750000	C#5	73	80	
904	77.713542	C#3	49	57	902	70.875000	C#3	49	80	
905	77.860677	F3	53	61	904	71.000000	F3	53	80	
906	77.864583	G#4	68	75	903	71.000000	G#4	68	80	
907	78.019531	C#3	49	58	905	71.125000	C#3	49	80	
908	78.153646	F#4	66	66	906	71.250000	F#4	66	80	
909	78.154948	Eb3	51	59	907	71.250000	Eb3	51	80	
910	78.290365	F4	65	56	908	71.375000	F4	65	80	
911	78.304688	C#3	49	59	909	71.375000	C#3	49	80	
912	78.416667	F#4	66	72	910	71.500000	F#4	66	80	
913	78.434896	Eb3	51	61	911	71.500000	Eb3	51	80	
914	78.540365	C4	60	58	912	71.625000	C4	60	80	
915	78.694010	G#2	44	58	914	71.750000	G#2	44	80	
916	78.699219	Eb4	63	52	913	71.750000	Eb4	63	80	
917	78.809896	F#4	66	58	915	71.875000	F#4	66	80	
918	78.984375	G#4	68	58	916	72.000000	G#4	68	80	
919	79.111979	F#4	66	59	917	72.125000	F#4	66	80	
920	79.240885	F4	65	55	918	72.250000	F4	65	80	
921	79.248698	G#3	56	49	919	72.250000	G#3	56	80	
922	79.363281	F#4	66	61	920	72.375000	F#4	66	80	
923	79.372396	G#2	44	50	921	72.375000	G#2	44	80	
924	79.515625	F#3	54	57	923	72.500000	F#3	54	80	
925	79.518229	Eb5	75	58	922	72.500000	Eb5	75	80	
926	79.638021	G#2	44	48	924	72.625000	G#2	44	80	
927	79.794271	C5	72	65	925	72.750000	C5	72	80	
928	79.795573	F3	53	51	926	72.750000	F3	53	80	
929	79.937500	G#2	44	51	927	72.875000	G#2	44	80	
930	80.067708	Eb3	51	57	929	73.000000	Eb3	51	80	
931	80.067708	F#4	66	62	928	73.000000	F#4	66	80	
932	80.199219	G#2	44	55	930	73.125000	G#2	44	80	
933	80.333333	C#3	49	57	932	73.250000	C#3	49	80	
934	80.350260	F4	65	61	931	73.250000	F4	65	80	
935	80.470052	Eb4	63	64	933	73.375000	Eb4	63	80	
936	80.479167	C3	48	54	934	73.375000	C3	48	80	
937	80.606771	C#3	49	60	936	73.500000	C#3	49	80	
938	80.628906	F4	65	69	935	73.500000	F4	65	80	
939	80.729167	G#2	44	62	938	73.625000	G#2	44	80	
940	80.747396	G#4	68	70	937	73.625000	G#4	68	80	
941	80.873698	Bb4	70	72	939	73.750000	Bb4	70	80	
942	80.881510	F3	53	62	940	73.750000	F3	53	80	
943	81.014323	C5	72	72	941	73.875000	C5	72	80	
944	81.026042	Eb3	51	68	942	73.875000	Eb3	51	80	
945	81.145833	C#5	73	74	943	74.000000	C#5	73	80	
946	81.164062	F3	53	66	944	74.000000	F3	53	80	
947	81.268229	Eb5	75	71	945	74.125000	Eb5	75	80	
948	81.272135	G#2	44	66	946	74.125000	G#2	44	80	
949	81.416667	F5	77	76	947	74.250000	F5	77	80	
950	81.425781	G#3	56	68	948	74.250000	G#3	56	80	
951	81.542969	Eb5	75	78	949	74.375000	Eb5	75	80	
952	81.558594	F#3	54	68	950	74.375000	F#3	54	80	
953	81.687500	G#3	56	70	952	74.500000	G#3	56	80	
954	81.691406	F#5	78	77	951	74.500000	F#5	78	80	
955	81.808594	F5	77	75	953	74.625000	F5	77	80	
956	81.812500	G#2	44	68	954	74.625000	G#2	44	80	
957	81.958333	Eb5	75	71	955	74.750000	Eb5	75	80	
958	81.975260	Bb3	58	67	956	74.750000	Bb3	58	80	
959	82.066406	G#2	44	65	958	74.875000	G#2	44	80	
960	82.074219	C#5	73	73	957	74.875000	C#5	73	80	
961	82.235677	Bb5	82	80	959	75.000000	Bb5	82	80	
962	82.253906	C4	60	75	961	75.000000	C4	60	80	
963	82.326823	G#5	80	69	962	75.062500	G#5	80	80	
964	82.368490	C#4	61	74	964	75.125000	C#4	61	80	
965	82.395833	G5	79	66	963	75.125000	G5	79	80	
966	82.466146	G#5	80	70	965	75.187500	G#5	80	80	
967	82.481771	Eb4	63	68	967	75.250000	Eb4	63	80	
968	82.515625	Bb5	82	72	966	75.250000	Bb5	82	80	
969	82.595052	C4	60	66	971	75.375000	C4	60	80	
970	82.595052	G#5	80	71	969	75.375000	G#5	80	80	
971	82.687500	Bb5	82	70	973	75.500000	Bb5	82	80	
972	82.747396	G#3	56	63	975	75.500000	G#3	56	80	
973	82.757812	G#5	80	72	976	75.562500	G#5	80	80	
974	82.855469	Bb5	82	72	978	75.625000	Bb5	82	80	
975	82.869792	C4	60	67	979	75.625000	C4	60	80	
976	82.933594	G#5	80	68	980	75.687500	G#5	80	80	
977	83.011719	Eb4	63	71	983	75.750000	Eb4	63	80	
978	83.014323	Bb5	82	71	981	75.750000	Bb5	82	80	
979	83.088542	G#5	80	64	984	75.812500	G#5	80	80	
980	83.134115	F4	65	67	987	75.875000	F4	65	80	
981	83.161458	Bb5	82	59	986	75.875000	Bb5	82	80	
982	83.243490	G#5	80	69	988	75.937500	G#5	80	80	
983	83.268229	F#4	66	75	989	76.000000	F#4	66	80	
984	83.399740	F4	65	67	991	76.125000	F4	65	80	
985	83.423177	G#5	80	74	990	76.125000	G#5	80	80	
986	83.542969	Eb4	63	71	993	76.250000	Eb4	63	80	
987	83.544271	F#5	78	77	992	76.250000	F#5	78	80	
988	83.656250	F4	65	69	995	76.375000	F#4	66	80	
989	83.675781	G#5	80	78	994	76.375000	G#5	80	80	
990	83.809896	F5	77	81	996	76.500000	F5	77	80	
991	83.826823	C#5	73	79	997	76.500000	C#5	73	80	
992	83.940104	G#5	80	68	998	76.625000	G#5	80	80	
993	84.108073	Eb5	75	66	999	76.750000	Eb5	75	80	
994	84.113281	G#4	68	82	1000	76.750000	G#4	68	80	
995	84.230469	G#5	80	69	1001	76.875000	G#5	80	80	
996	84.376302	F4	65	89	1003	77.000000	F4	65	80	
997	84.382812	C#5	73	69	1002	77.000000	C#5	73	80	
998	84.502604	G#5	80	69	1004	77.125000	G#5	80	80	
999	84.651042	C5	72	74	1005	77.250000	C5	72	80	
1000	84.665365	Eb4	63	66	1006	77.250000	Eb4	63	80	
1001	84.773438	Bb4	70	76	1007	77.375000	Bb4	70	80	
1002	84.785156	C#4	61	62	1008	77.375000	C#4	61	80	
1003	84.925781	C5	72	72	1009	77.500000	C5	72	80	
1004	84.940104	D4	62	48	1010	77.500000	Eb4	63	80	
1005	85.039062	Eb5	75	70	1011	77.625000	Eb5	75	80	
1006	85.057292	G#3	56	62	1012	77.625000	G#3	56	80	
1007	85.174479	C4	60	69	1014	77.750000	C#4	61	80	
1008	85.180990	F5	77	73	1013	77.750000	F5	77	80	
1009	85.311198	F#5	78	69	1015	77.875000	F#5	78	80	
1010	85.315104	Eb4	63	71	1016	77.875000	Eb4	63	80	
1011	85.450521	F4	65	66	1018	78.000000	F4	65	80	
1012	85.451823	G#5	80	78	1017	78.000000	G#5	80	80	
1013	85.571615	Eb4	63	72	1020	78.125000	Eb4	63	80	
1014	85.596354	F#5	78	76	1019	78.125000	F#5	78	80	
1015	85.700521	C#4	61	75	1022	78.250000	C#4	61	80	
1016	85.717448	F5	77	73	1021	78.250000	F5	77	80	
1017	85.832031	Eb4	63	78	1024	78.375000	Eb4	63	80	
1018	85.850260	G#5	80	72	1023	78.375000	G#5	80	80	
1019	85.989583	C5	72	82	1026	78.500000	C5	72	80	
1020	86.006510	Eb5	75	71	1025	78.500000	Eb5	75	80	
1021	86.127604	G#5	80	67	1027	78.625000	G#5	80	80	
1022	86.282552	G#4	68	82	1029	78.750000	G#4	68	80	
1023	86.295573	C#5	73	61	1028	78.750000	C#5	73	80	
1024	86.424479	G#5	80	58	1030	78.875000	G#5	80	80	
1025	86.552083	Eb4	63	78	1032	79.000000	Eb4	63	80	
1026	86.565104	C5	72	62	1031	79.000000	C5	72	80	
1027	86.684896	G#5	80	62	1033	79.125000	G#5	80	80	
1028	86.822917	Bb4	70	67	1034	79.250000	Bb4	70	80	
1029	86.838542	C#4	61	62	1035	79.250000	C#4	61	80	
1030	86.955729	C4	60	57	1037	79.375000	C4	60	80	
1031	86.967448	G#4	68	70	1036	79.375000	G#4	68	80	
1032	87.082031	C#4	61	58	1039	79.500000	C#4	61	80	
1033	87.105469	Bb4	70	69	1038	79.500000	Bb4	70	80	
1034	87.205729	G#3	56	57	1041	79.625000	G#3	56	80	
1035	87.236979	C#5	73	68	1040	79.625000	C#5	73	80	
1036	87.369792	Eb5	75	66	1042	79.750000	Eb5	75	80	
1037	87.372396	C4	60	27	1043	79.750000	C4	60	80	
1038	87.477865	F4	65	54	1045	79.875000	C#4	61	80	
1039	87.496094	F5	77	69	1044	79.875000	F5	77	80	
1040	87.618490	Eb4	63	54	1047	80.000000	Eb4	63	80	
1041	87.622396	F#5	78	68	1046	80.000000	F#5	78	80	
1042	87.731771	C#4	61	59	1049	80.125000	C#4	61	80	
1043	87.755208	F5	77	70	1048	80.125000	F5	77	80	
1044	87.886719	C4	60	56	1051	80.250000	C4	60	80	
1045	87.890625	Eb5	75	66	1050	80.250000	Eb5	75	80	
1046	88.026042	F5	77	60	1052	80.375000	F5	77	80	
1047	88.031250	C#4	61	60	1053	80.375000	C#4	61	80	
1048	88.162760	C#5	73	63	1054	80.500000	C#5	73	80	
1049	88.173177	Bb4	70	73	1055	80.500000	Bb4	70	80	
1050	88.316406	Eb5	75	53	1056	80.625000	Eb5	75	80	
1051	88.449219	G4	67	66	1058	80.750000	G4	67	80	
1052	88.458333	C5	72	60	1057	80.750000	C5	72	80	
1053	88.589844	Eb5	75	55	1059	80.875000	Eb5	75	80	
1054	88.722656	C#4	61	64	1061	81.000000	C#4	61	80	
1055	88.734375	Bb4	70	64	1060	81.000000	Bb4	70	80	
1056	88.877604	Eb5	75	55	1062	81.125000	Eb5	75	80	
1057	89.002604	C4	60	56	1064	81.250000	C4	60	80	
1058	89.010417	G#4	68	66	1063	81.250000	G#4	68	80	
1059	89.134115	Bb3	58	57	1066	81.375000	Bb3	58	80	
1060	89.139323	G4	67	63	1065	81.375000	G4	67	80	
1061	89.266927	G#4	68	71	1067	81.500000	G#4	68	80	
1062	89.281250	C4	60	59	1068	81.500000	C4	60	80	
1063	89.404948	G#3	56	58	1070	81.625000	G#3	56	80	
1064	89.411458	C5	72	71	1069	81.625000	C5	72	80	
1065	89.533854	Bb3	58	63	1072	81.750000	Bb3	58	80	
1066	89.537760	C#5	73	73	1071	81.750000	C#5	73	80	
1067	89.654948	C4	60	65	1074	81.875000	C4	60	80	
1068	89.661458	Eb5	75	76	1073	81.875000	Eb5	75	80	
1069	89.789062	C#4	61	70	1076	82.000000	C#4	61	80	
1070	89.789062	F5	77	77	1075	82.000000	F5	77	80	
1071	89.903646	F#5	78	78	1077	82.125000	F#5	78	80	
1072	89.928385	Eb4	63	63	1078	82.125000	Eb4	63	80	
1073	90.046875	G#5	80	79	1079	82.250000	G#5	80	80	
1074	90.057292	F4	65	63	1080	82.250000	F4	65	80	
1075	90.173177	Bb5	82	79	1081	82.375000	Bb5	82	80	
1076	90.182292	Eb4	63	70	1082	82.375000	Eb4	63	80	
1077	90.321615	F#4	66	66	1084	82.500000	F#4	66	80	
1078	90.322917	C5	72	81	1083	82.500000	C5	72	80	
1079	90.446615	F4	65	63	1085	82.625000	F4	65	80	
1080	90.572917	Eb4	63	69	1087	82.750000	Eb4	63	80	
1081	90.584635	G#4	68	83	1086	82.750000	G#4	68	80	
1082	90.688802	C#4	61	66	1088	82.875000	C#4	61	80	
1083	90.841146	F#4	66	77	1090	83.000000	F#4	66	80	
1084	90.845052	Bb4	70	84	1089	83.000000	Bb4	70	80	
1085	90.980469	G#4	68	82	1091	83.125000	G#4	68	80	
1086	91.111979	F#4	66	82	1092	83.250000	F#4	66	80	
1087	91.123698	Bb3	58	63	1093	83.250000	Bb3	58	80	
1088	91.236979	G#4	68	81	1094	83.375000	G#4	68	80	
1089	91.247396	C4	60	63	1095	83.375000	C4	60	80	
1090	91.371094	C#4	61	74	1097	83.500000	C#4	61	80	
1091	91.375000	F5	77	87	1096	83.500000	F5	77	80	
1092	91.510417	C4	60	65	1098	83.625000	C4	60	80	
1093	91.648438	C#5	73	85	1099	83.750000	C#5	73	80	
1094	91.653646	Bb3	58	71	1100	83.750000	Bb3	58	80	
1095	91.770833	G#3	56	70	1101	83.875000	G#3	56	80	
1096	91.908854	Bb3	58	86	1103	84.000000	Bb3	58	80	
1097	91.910156	G#4	68	92	1102	84.000000	G#4	68	80	
1098	92.208333	F#4	66	81	1104	84.250000	F#4	66	80	
1099	92.334635	F4	65	78	1105	84.375000	F4	65	80	
1100	92.460938	F#4	66	88	1106	84.500000	F#4	66	80	
1101	92.584635	G#3	56	63	1107	84.625000	G#3	56	80	
1102	92.725260	F#3	54	59	1109	84.750000	F#3	54	80	
1103	92.729167	Eb5	75	79	1108	84.750000	Eb5	75	80	
1104	92.847656	Bb3	58	64	1110	84.875000	Bb3	58	80	
1105	93.009115	G#3	56	61	1112	85.000000	G#3	56	80	
1106	93.013021	F4	65	77	1111	85.000000	F4	65	80	
1107	93.130208	F#3	54	64	1113	85.125000	F#3	54	80	
1108	93.278646	F3	53	65	1115	85.250000	F3	53	80	
1109	93.290365	C#5	73	82	1114	85.250000	C#5	73	80	
1110	93.421875	G#3	56	66	1116	85.375000	G#3	56	80	
1111	93.555990	Eb4	63	75	1117	85.500000	Eb4	63	80	
1112	93.567708	F#3	54	66	1118	85.500000	F#3	54	80	
1113	93.697917	F3	53	59	1119	85.625000	F3	53	80	
1114	93.800781	F#3	54	33	1121	85.750000	F#3	54	80	
1115	93.826823	C5	72	71	1120	85.750000	C5	72	80	
1116	93.946615	Eb3	51	66	1122	85.875000	Eb3	51	80	
1117	94.089844	F3	53	72	1124	86.000000	F3	53	80	
1118	94.095052	C#4	61	78	1123	86.000000	C#4	61	80	
1119	94.377604	C#5	73	74	1125	86.250000	C#5	73	80	
1120	94.485677	G#3	56	61	1127	86.375000	G#3	56	80	
1121	94.500000	C5	72	73	1126	86.375000	C5	72	80	
1122	94.615885	C#5	73	75	1128	86.500000	C#5	73	80	
1123	94.617188	Bb3	58	75	1129	86.500000	Bb3	58	80	
1124	94.739583	Eb5	75	77	1130	86.625000	Eb5	75	80	
1125	94.742188	C4	60	60	1131	86.625000	C4	60	80	
1126	94.869792	C#4	61	67	1133	86.750000	C#4	61	80	
1127	94.881510	F5	77	77	1132	86.750000	F5	77	80	
1128	95.005208	Eb4	63	70	1136	86.875000	Eb4	63	80	
1129	95.005208	F#5	78	77	1135	86.875000	F#5	78	80	
1130	95.135417	F4	65	78	1138	87.000000	F4	65	80	
1131	95.139323	G#5	80	84	1137	87.000000	G#5	80	80	
1132	95.268229	Eb4	63	77	1140	87.125000	Eb4	63	80	
1133	95.272135	F#5	78	83	1139	87.125000	F#5	78	80	
1134	95.403646	C#4	61	72	1142	87.250000	C#4	61	80	
1135	95.406250	F5	77	82	1141	87.250000	F5	77	80	
1136	95.523438	Eb4	63	77	1144	87.375000	Eb4	63	80	
1137	95.523438	F#5	78	75	1143	87.375000	F#5	78	80	
1138	95.660156	C4	60	73	1147	87.500000	C4	60	80	
1139	95.662760	G#5	80	81	1145	87.500000	G#5	80	80	
1140	95.665365	C5	72	81	1146	87.500000	C5	72	80	
1141	95.804688	F#5	78	75	1148	87.625000	F#5	78	80	
1142	95.953125	F5	77	76	1149	87.750000	F5	77	80	
1143	95.959635	G#4	68	80	1150	87.750000	G#4	68	80	
1144	96.075521	Eb5	75	66	1151	87.875000	Eb5	75	80	
1145	96.220052	Eb4	63	80	1153	88.000000	Eb4	63	80	
1146	96.220052	F5	77	86	1152	88.000000	F5	77	80	
1147	96.527344	C#4	61	70	1154	88.250000	C#4	61	80	
1148	96.638021	C4	60	69	1155	88.375000	C4	60	80	
1149	96.748698	Bb3	58	70	1156	88.500000	Bb3	58	80	
1150	96.759115	C#4	61	76	1157	88.500000	C#4	61	80	
1151	96.889323	Eb5	75	60	1158	88.625000	Eb5	75	80	
1152	97.046875	Bb4	70	87	1160	88.750000	Bb4	70	80	
1153	97.054688	C#5	73	70	1159	88.750000	C#5	73	80	
1154	97.162760	F5	77	66	1161	88.875000	F5	77	80	
1155	97.321615	C4	60	85	1163	89.000000	C4	60	80	
1156	97.334635	Eb5	75	64	1162	89.000000	Eb5	75	80	
1157	97.453125	C#5	73	59	1164	89.125000	C#5	73	80	
1158	97.605469	G#4	68	90	1167	89.250000	G#4	68	80	
1159	97.617188	C5	72	67	1165	89.250000	C5	72	80	
1160	97.627604	G#3	56	54	1166	89.250000	G#3	56	80	
1161	97.747396	Eb5	75	52	1168	89.375000	Eb5	75	80	
1162	97.885417	Bb3	58	73	1170	89.500000	Bb3	58	80	
1163	97.889323	C#5	73	70	1169	89.500000	C#5	73	80	
1164	98.013021	C5	72	69	1172	89.625000	C5	72	80	
1165	98.153646	Eb3	51	81	1174	89.750000	Eb3	51	80	
1166	98.164062	C#5	73	72	1173	89.750000	C#5	73	80	
1167	98.167969	G4	67	75	1175	89.750000	G4	67	80	
1168	98.285156	Bb4	70	73	1176	89.875000	Bb4	70	80	
1169	98.425781	Bb4	70	71	*	-1	*	-1	-1	
1170	98.427083	G#3	56	72	1178	90.000000	G#3	56	80	
1171	98.546875	C5	72	76	1177	90.000000	C5	72	80	
1172	98.688802	G#4	68	65	1181	90.250000	G#4	68	80	
1173	98.709635	Eb5	75	42	1180	90.250000	Eb5	75	80	
1174	98.718750	D5	74	57	*	-1	*	-1	-1	
1175	98.808594	F#4	66	71	1182	90.375000	G4	67	80	
1176	98.951823	G#4	68	81	1184	90.500000	G#4	68	80	
1177	98.954427	F#5	78	86	1183	90.500000	F#5	78	80	
1178	99.074219	Bb4	70	64	1185	90.625000	Bb4	70	80	
1179	99.230469	C5	72	69	1186	90.750000	C5	72	80	
1180	99.233073	G#3	56	84	1187	90.750000	G#3	56	80	
1181	99.369792	G#4	68	65	1188	90.875000	G#4	68	80	
1182	99.516927	Bb3	58	78	1190	91.000000	Bb3	58	80	
1183	99.516927	C#5	73	69	1189	91.000000	C#5	73	80	
1184	99.640625	G#3	56	73	1192	91.125000	G#3	56	80	
1185	99.649740	C5	72	68	1191	91.125000	C5	72	80	
1186	99.773438	F#3	54	69	1194	91.250000	F#3	54	80	
1187	99.777344	Bb4	70	74	1193	91.250000	Bb4	70	80	
1188	99.885417	G#3	56	79	1196	91.375000	G#3	56	80	
1189	99.921875	C5	72	70	1195	91.375000	C5	72	80	
1190	100.024740	F4	65	84	1199	91.500000	F4	65	80	
1191	100.024740	F5	77	80	1197	91.500000	F5	77	80	
1192	100.037760	C#5	73	78	1198	91.500000	C#5	73	80	
1193	100.160156	C5	72	68	1200	91.625000	C5	72	80	
1194	100.320312	C#4	61	78	1202	91.750000	C#4	61	80	
1195	100.333333	Bb4	70	65	1201	91.750000	Bb4	70	80	
1196	100.427083	G#4	68	66	1203	91.875000	G#4	68	80	
1197	100.572917	G#3	56	82	1205	92.000000	G#3	56	80	
1198	100.576823	Bb4	70	85	1204	92.000000	Bb4	70	80	
1199	100.893229	F#3	54	64	1206	92.250000	F#3	54	80	
1200	101.009115	F3	53	62	1207	92.375000	F3	53	80	
1201	101.111979	F#3	54	78	1209	92.500000	F#3	54	80	
1202	101.122396	Eb5	75	91	1208	92.500000	Eb5	75	80	
1203	101.263021	G#4	68	69	1210	92.625000	G#4	68	80	
1204	101.394531	F#4	66	76	1211	92.750000	F#4	66	80	
1205	101.397135	Eb4	63	74	1212	92.750000	Eb4	63	80	
1206	101.526042	Bb4	70	65	1213	92.875000	Bb4	70	80	
1207	101.649740	F3	53	72	1215	93.000000	F3	53	80	
1208	101.665365	G#4	68	74	1214	93.000000	G#4	68	80	
1209	101.794271	F#4	66	72	1216	93.125000	F#4	66	80	
1210	101.903646	C#4	61	75	1219	93.250000	C#4	61	80	
1211	101.936198	C#5	73	73	1217	93.250000	C#5	73	80	
1212	101.938802	F4	65	66	1218	93.250000	F4	65	80	
1213	102.046875	G#4	68	63	1220	93.375000	G#4	68	80	
1214	102.164062	Eb3	51	61	1223	93.500000	Eb3	51	80	
1215	102.167969	C5	72	71	1221	93.500000	C5	72	80	
1216	102.194010	F#4	66	67	1222	93.500000	F#4	66	80	
1217	102.309896	F4	65	64	1224	93.625000	F4	65	80	
1218	102.402344	C4	60	56	1227	93.750000	C4	60	80	
1219	102.433594	Eb5	75	61	1225	93.750000	Eb5	75	80	
1220	102.438802	F#4	66	63	1226	93.750000	F#4	66	80	
1221	102.546875	Eb4	63	63	1228	93.875000	Eb4	63	80	
1222	102.671875	C#3	49	47	1230	94.000000	C#3	49	80	
1223	102.691406	F4	65	58	1229	94.000000	F4	65	80	
1224	102.804688	G#2	44	52	1231	94.125000	G#2	44	80	
1225	102.963542	C#3	49	51	1233	94.250000	C#3	49	80	
1226	102.966146	G#4	68	62	1232	94.250000	G#4	68	80	
1227	103.093750	Eb3	51	52	1234	94.375000	Eb3	51	80	
1228	103.246094	C#5	73	59	1235	94.500000	C#5	73	80	
1229	103.253906	F3	53	50	1236	94.500000	F3	53	80	
1230	103.377604	F#3	54	58	1237	94.625000	F#3	54	80	
1231	103.502604	G#3	56	52	1239	94.750000	G#3	56	80	
1232	103.511719	B4	71	64	1238	94.750000	B4	71	80	
1233	103.608073	F3	53	57	1240	94.875000	F3	53	80	
1234	103.752604	F#3	54	62	1242	95.000000	F#3	54	80	
1235	103.777344	Bb4	70	67	1241	95.000000	Bb4	70	80	
1236	103.885417	F#2	42	61	1243	95.125000	F#2	42	80	
1237	104.041667	F#3	54	53	1245	95.250000	F#3	54	80	
1238	104.057292	C#4	61	61	1244	95.250000	C#4	61	80	
1239	104.180990	F3	53	60	1246	95.375000	F3	53	80	
1240	104.326823	F#3	54	63	1248	95.500000	F#3	54	80	
1241	104.348958	F#4	66	60	1247	95.500000	F#4	66	80	
1242	104.472656	G#3	56	59	1249	95.625000	G#3	56	80	
1243	104.597656	F4	65	61	1250	95.750000	F4	65	80	
1244	104.608073	Bb3	58	55	1251	95.750000	Bb3	58	80	
1245	104.727865	F#3	54	59	1252	95.875000	F#3	54	80	
1246	104.885417	F#4	66	65	1253	96.000000	F#4	66	80	
1247	104.898438	Eb3	51	52	1254	96.000000	Eb3	51	80	
1248	105.041667	F3	53	66	1255	96.125000	F3	53	80	
1249	105.171875	F#3	54	61	1257	96.250000	F#3	54	80	
1250	105.191406	Bb4	70	68	1256	96.250000	Bb4	70	80	
1251	105.296875	Eb3	51	60	1259	96.375000	Eb3	51	80	
1252	105.296875	F#4	66	66	1258	96.375000	F#4	66	80	
1253	105.444010	C3	48	63	1261	96.500000	C3	48	80	
1254	105.447917	Eb4	63	67	1260	96.500000	Eb4	63	80	
1255	105.580729	C#3	49	60	1262	96.625000	C#3	49	80	
1256	105.699219	Eb3	51	62	1264	96.750000	Eb3	51	80	
1257	105.703125	F#4	66	66	1263	96.750000	F#4	66	80	
1258	105.824219	Eb4	63	64	1265	96.875000	Eb4	63	80	
1259	105.835938	C3	48	54	1266	96.875000	C3	48	80	
1260	105.964844	G#3	56	68	1267	97.000000	G#3	56	80	
1261	105.971354	F2	41	68	1268	97.000000	F2	41	80	
1262	106.250000	Eb4	63	72	1269	97.250000	Eb4	63	80	
1263	106.259115	F3	53	48	1270	97.250000	F3	53	80	
1264	106.397135	Eb3	51	45	1271	97.375000	Eb3	51	80	
1265	106.539062	G#4	68	78	1272	97.500000	G#4	68	80	
1266	106.540365	F3	53	54	1273	97.500000	F3	53	80	
1267	106.662760	F#3	54	54	1274	97.625000	F#3	54	80	
1268	106.802083	G#3	56	55	1276	97.750000	G#3	56	80	
1269	106.821615	C4	60	64	1275	97.750000	C4	60	80	
1270	106.955729	F3	53	46	1277	97.875000	F3	53	80	
1271	107.098958	D3	50	55	1279	98.000000	D3	50	80	
1272	107.100260	F4	65	69	1278	98.000000	F4	65	80	
1273	107.242188	Eb3	51	55	1280	98.125000	Eb3	51	80	
1274	107.377604	F3	53	51	1282	98.250000	F3	53	80	
1275	107.390625	G#4	68	69	1281	98.250000	G#4	68	80	
1276	107.498698	D3	50	54	1284	98.375000	D3	50	80	
1277	107.505208	F4	65	65	1283	98.375000	F4	65	80	
1278	107.648438	Bb2	46	69	1286	98.500000	Bb2	46	80	
1279	107.653646	D4	62	67	1285	98.500000	D4	62	80	
1280	107.779948	C3	48	57	1287	98.625000	C3	48	80	
1281	107.901042	D3	50	61	1289	98.750000	D3	50	80	
1282	107.932292	F4	65	57	1288	98.750000	F4	65	80	
1283	108.039062	Bb2	46	67	1291	98.875000	Bb2	46	80	
1284	108.046875	D4	62	70	1290	98.875000	D4	62	80	
1285	108.169271	Eb2	39	67	1293	99.000000	Eb2	39	80	
1286	108.182292	F#3	54	74	1292	99.000000	F#3	54	80	
1287	108.449219	Bb3	58	71	1294	99.250000	Bb3	58	80	
1288	108.464844	Eb3	51	46	1295	99.250000	Eb3	51	80	
1289	108.592448	D3	50	58	1296	99.375000	D3	50	80	
1290	108.722656	F#4	66	79	1297	99.500000	F#4	66	80	
1291	108.734375	Eb3	51	65	1298	99.500000	Eb3	51	80	
1292	108.852865	F3	53	66	1299	99.625000	F3	53	80	
1293	109.010417	F#3	54	64	1301	99.750000	F#3	54	80	
1294	109.014323	Bb3	58	76	1300	99.750000	Bb3	58	80	
1295	109.126302	Eb3	51	51	1302	99.875000	Eb3	51	80	
1296	109.266927	C3	48	60	1304	100.000000	C3	48	80	
1297	109.281250	Eb4	63	78	1303	100.000000	Eb4	63	80	
1298	109.404948	C#3	49	54	1306	100.125000	C#3	49	80	
1299	109.408854	F4	65	74	1305	100.125000	F4	65	80	
1300	109.528646	Eb3	51	67	1308	100.250000	Eb3	51	80	
1301	109.549479	F#4	66	80	1307	100.250000	F#4	66	80	
1302	109.662760	Eb4	63	83	1309	100.375000	Eb4	63	80	
1303	109.666667	C3	48	64	1310	100.375000	C3	48	80	
1304	109.805990	G#2	44	65	1312	100.500000	G#2	44	80	
1305	109.817708	Eb5	75	91	1311	100.500000	Eb5	75	80	
1306	109.951823	F#4	66	81	1313	100.625000	F#4	66	80	
1307	109.955729	Bb2	46	71	1314	100.625000	Bb2	46	80	
1308	110.080729	C3	48	53	1316	100.750000	C3	48	80	
1309	110.082031	G#4	68	81	1315	100.750000	G#4	68	80	
1310	110.186198	G#2	44	61	1318	100.875000	G#2	44	80	
1311	110.203125	Eb4	63	82	1317	100.875000	Eb4	63	80	
1312	110.333333	C#2	37	74	1320	101.000000	C#2	37	80	
1313	110.339844	F4	65	90	1319	101.000000	F4	65	80	
1314	110.480469	C#5	73	72	1321	101.125000	C#5	73	80	
1315	110.598958	C#3	49	77	1323	101.250000	C#3	49	80	
1316	110.605469	C5	72	79	1322	101.250000	C5	72	80	
1317	110.716146	Eb3	51	76	1325	101.375000	Eb3	51	80	
1318	110.733073	Eb5	75	78	1324	101.375000	Eb5	75	80	
1319	110.848958	F3	53	80	1327	101.500000	F3	53	80	
1320	110.856771	C#5	73	82	1326	101.500000	C#5	73	80	
1321	110.990885	G#4	68	75	1328	101.625000	G#4	68	80	
1322	111.130208	C#4	61	86	1330	101.750000	C#4	61	80	
1323	111.135417	Bb4	70	77	1329	101.750000	Bb4	70	80	
1324	111.151042	C#3	49	62	1331	101.750000	C#3	49	80	
1325	111.257812	B4	71	74	1332	101.875000	B4	71	80	
1326	111.384115	F#3	54	88	1334	102.000000	F#3	54	80	
1327	111.388021	Bb4	70	74	1333	102.000000	Bb4	70	80	
1328	111.523438	C4	60	72	1336	102.125000	C4	60	80	
1329	111.526042	G#4	68	91	1335	102.125000	G#4	68	80	
1330	111.654948	F#4	66	91	1337	102.250000	F#4	66	80	
1331	111.658854	Bb3	58	68	1338	102.250000	Bb3	58	80	
1332	111.773438	C4	60	66	1340	102.375000	C4	60	80	
1333	111.781250	G#4	68	84	1339	102.375000	G#4	68	80	
1334	111.904948	F5	77	88	1341	102.500000	F5	77	80	
1335	111.914062	C#4	61	81	1342	102.500000	C#4	61	80	
1336	111.929688	F3	53	68	1343	102.500000	F3	53	80	
1337	112.062500	C4	60	69	1344	102.625000	C4	60	80	
1338	112.179688	C#5	73	86	1345	102.750000	C#5	73	80	
1339	112.180990	Bb3	58	63	1346	102.750000	Bb3	58	80	
1340	112.268229	G#3	56	67	1347	102.875000	G#3	56	80	
1341	112.442708	Bb3	58	74	1349	103.000000	Bb3	58	80	
1342	112.447917	Eb3	51	54	1350	103.000000	Eb3	51	80	
1343	112.457031	G#4	68	92	1348	103.000000	G#4	68	80	
1344	112.722656	C#3	49	64	1352	103.250000	C#3	49	80	
1345	112.727865	F#4	66	83	1351	103.250000	F#4	66	80	
1346	112.839844	F4	65	76	1353	103.375000	F4	65	80	
1347	112.989583	F#4	66	86	1354	103.500000	F#4	66	80	
1348	113.002604	C3	48	73	1355	103.500000	C3	48	80	
1349	113.121094	G#3	56	63	1356	103.625000	G#3	56	80	
1350	113.253906	Eb5	75	85	1357	103.750000	Eb5	75	80	
1351	113.263021	F#3	54	69	1358	103.750000	F#3	54	80	
1352	113.364583	Bb3	58	69	1359	103.875000	Bb3	58	80	
1353	113.513021	G#3	56	73	1361	104.000000	G#3	56	80	
1354	113.515625	C#3	49	68	1362	104.000000	C#3	49	80	
1355	113.523438	F4	65	76	1360	104.000000	F4	65	80	
1356	113.631510	F#3	54	64	1363	104.125000	F#3	54	80	
1357	113.772135	F3	53	65	1365	104.250000	F3	53	80	
1358	113.783854	C#5	73	81	1364	104.250000	C#5	73	80	
1359	113.919271	G#3	56	61	1366	104.375000	G#3	56	80	
1360	114.054688	F#3	54	70	1368	104.500000	F#3	54	80	
1361	114.059896	Eb4	63	84	1367	104.500000	Eb4	63	80	
1362	114.095052	G#2	44	62	1369	104.500000	G#2	44	80	
1363	114.197917	F3	53	64	1370	104.625000	F3	53	80	
1364	114.316406	Eb3	51	72	1372	104.750000	Eb3	51	80	
1365	114.319010	C5	72	75	1371	104.750000	C5	72	80	
1366	114.441406	F#3	54	76	1373	104.875000	F#3	54	80	
1367	114.580729	C#4	61	75	1374	105.000000	C#4	61	80	
1368	114.584635	F3	53	75	1375	105.000000	F3	53	80	
1369	114.587240	Bb2	46	65	1376	105.000000	Bb2	46	80	
1370	114.712240	F4	65	75	1377	105.125000	F4	65	80	
1371	114.783854	G3	55	30	1378	105.125000	G#3	56	80	
1372	114.835938	F#4	66	75	1379	105.250000	F#4	66	80	
1373	114.847656	Bb3	58	77	1380	105.250000	Bb3	58	80	
1374	114.963542	G#4	68	78	1381	105.375000	G#4	68	80	
1375	114.997396	C4	60	69	1382	105.375000	C4	60	80	
1376	115.105469	Bb4	70	79	1383	105.500000	Bb4	70	80	
1377	115.119792	C#4	61	75	1384	105.500000	C#4	61	80	
1378	115.235677	C5	72	77	1385	105.625000	C5	72	80	
1379	115.260417	C4	60	69	1386	105.625000	C4	60	80	
1380	115.358073	C#5	73	76	1387	105.750000	C#5	73	80	
1381	115.416667	B3	59	43	1388	105.750000	Bb3	58	80	
1382	115.483073	Eb5	75	76	1389	105.875000	Eb5	75	80	
1383	115.498698	G#3	56	63	1390	105.875000	G#3	56	80	
1384	115.609375	E5	76	78	1391	106.000000	E5	76	80	
1385	115.634115	G3	55	65	1392	106.000000	G3	55	80	
1386	115.742188	Eb5	75	77	1393	106.125000	Eb5	75	80	
1387	115.757812	G#3	56	69	1394	106.125000	G#3	56	80	
1388	115.867188	C#5	73	76	1395	106.250000	C#5	73	80	
1389	115.938802	Bb3	58	45	1396	106.250000	Bb3	58	80	
1390	116.003906	Eb5	75	73	1397	106.375000	Eb5	75	80	
1391	116.037760	G3	55	65	1398	106.375000	G3	55	80	
1392	116.134115	E5	76	76	1399	106.500000	E5	76	80	
1393	116.171875	Eb3	51	67	1400	106.500000	Eb3	51	80	
1394	116.260417	G5	79	71	1401	106.625000	G5	79	80	
1395	116.276042	C#3	49	67	1402	106.625000	C#3	49	80	
1396	116.381510	G#5	80	79	1403	106.750000	G#5	80	80	
1397	116.399740	C3	48	60	1404	106.750000	C3	48	80	
1398	116.498698	Bb5	82	78	1405	106.875000	Bb5	82	80	
1399	116.500000	Bb2	46	71	1406	106.875000	Bb2	46	80	
1400	116.634115	G#2	44	81	1408	107.000000	G#2	44	80	
1401	116.638021	C#5	73	81	1407	107.000000	C#5	73	80	
1402	116.757812	Eb3	51	69	1410	107.125000	Eb3	51	80	
1403	116.761719	C5	72	77	1409	107.125000	C5	72	80	
1404	116.884115	F3	53	68	1412	107.250000	F3	53	80	
1405	116.897135	Bb4	70	76	1411	107.250000	Bb4	70	80	
1406	117.018229	F#3	54	69	1414	107.375000	F#3	54	80	
1407	117.022135	G#4	68	73	1413	107.375000	G#4	68	80	
1408	117.145833	G#3	56	72	1416	107.500000	G#3	56	80	
1409	117.152344	Eb5	75	78	1415	107.500000	Eb5	75	80	
1410	117.278646	Bb3	58	74	1417	107.625000	Bb3	58	80	
1411	117.407552	C4	60	66	1419	107.750000	C4	60	80	
1412	117.411458	F#4	66	81	1418	107.750000	F#4	66	80	
1413	117.524740	G#3	56	79	1420	107.875000	G#3	56	80	
1414	117.666667	F4	65	82	1421	108.000000	F4	65	80	
1415	117.682292	C#4	61	84	1422	108.000000	C#4	61	80	
1416	117.984375	C#5	73	82	1425	108.250000	C#5	73	80	
1417	117.989583	F2	41	79	1426	108.250000	F2	41	80	
1418	117.996094	G#4	68	70	1424	108.250000	G#4	68	80	
1419	118.303385	F#2	42	83	1431	108.500000	F#2	42	80	
1420	118.307292	Eb4	63	91	1427	108.500000	Eb4	63	80	
1421	118.329427	Bb4	70	60	1429	108.500000	Bb4	70	80	
1422	118.694010	G#2	44	85	1435	108.750000	G#2	44	80	
1423	118.701823	C5	72	84	1432	108.750000	C5	72	80	
1424	118.703125	G#4	68	85	1434	108.750000	G#4	68	80	
1425	118.705729	F#4	66	84	1433	108.750000	F#4	66	80	
1426	119.257812	C#2	37	72	1440	109.000000	C#2	37	80	
1427	119.266927	C#4	61	86	1437	109.000000	C#4	61	80	
1428	119.266927	G#4	68	87	1439	109.000000	G#4	68	80	
1429	119.269531	C#5	73	81	1436	109.000000	C#5	73	80	
1430	119.274740	F4	65	82	1438	109.000000	F4	65	80	
*	-1	*	-1	-1	62	8.250000	Eb5	75	80	
*	-1	*	-1	-1	295	25.500000	Bb3	58	80	
*	-1	*	-1	-1	457	37.500000	G#4	68	80	
*	-1	*	-1	-1	467	38.500000	G4	67	80	
*	-1	*	-1	-1	477	39.250000	F4	65	80	
*	-1	*	-1	-1	480	39.500000	E4	64	80	
*	-1	*	-1	-1	684	54.500000	Eb3	51	80	
*	-1	*	-1	-1	745	59.000000	G#4	68	80	
*	-1	*	-1	-1	960	75.000000	Bb5	82	80	
*	-1	*	-1	-1	970	75.375000	Bb5	82	80	
*	-1	*	-1	-1	974	75.500000	Bb5	82	80	
*	-1	*	-1	-1	977	75.625000	G#5	80	80	
*	-1	*	-1	-1	982	75.750000	Bb5	82	80	
*	-1	*	-1	-1	985	75.875000	G#5	80	80	
*	-1	*	-1	-1	1134	86.750000	C#4	61	80	
*	-1	*	-1	-1	1171	89.500000	Bb3	58	80	
*	-1	*	-1	-1	1423	108.250000	C#4	61	80	
*	-1	*	-1	-1	1428	108.500000	F#4	66	80	
*	-1	*	-1	-1	1430	108.500000	Eb4	63	80	
*	-1	*	-1	-1	968	75.312500	G#5	80	80	
*	-1	*	-1	-1	972	75.437500	G#5	80	80	
*	-1	*	-1	-1	1179	90.000000	G#3	56	80	
